,mean_RD,covered_monday,covered_tuesday,covered_wednesday,covered_thursday,covered_friday,covered_saturday,covered_sunday,mean_SQ,skill_coverage,quantity_of_fav_rotas,size
0,15.714285714285714,6.0,6.0,6.0,6.0,6.0,6.0,6.0,3.0,4,5,7
1,15.428571428571429,7.0,6.0,7.0,7.0,7.0,7.0,7.0,1.5714285714285714,4,3,7
2,9.333333333333334,6.0,5.0,6.0,6.0,5.0,6.0,6.0,2.2857142857142856,4,2,7
3,10.761904761904763,6.0,6.0,6.0,6.0,6.0,6.0,6.0,2.142857142857143,4,1,7
4,7.523809523809524,6.0,5.0,7.0,6.0,5.0,7.0,6.0,2.4285714285714284,4,1,7
5,17.523809523809526,7.0,6.0,7.0,7.0,6.0,7.0,7.0,2.7142857142857144,4,5,7
6,15.238095238095237,7.0,7.0,7.0,6.0,7.0,6.0,7.0,3.0,4,4,7
7,18.38095238095238,7.0,7.0,7.0,7.0,7.0,7.0,7.0,2.7142857142857144,4,3,7
8,18.666666666666668,7.0,6.0,7.0,7.0,6.0,7.0,7.0,2.2857142857142856,4,6,7
9,13.619047619047619,6.0,6.0,6.0,6.0,6.0,6.0,6.0,1.8571428571428572,4,3,7
10,17.047619047619047,7.0,6.0,7.0,7.0,6.0,7.0,7.0,2.142857142857143,4,4,7
11,15.238095238095237,7.0,7.0,7.0,7.0,7.0,7.0,7.0,2.7142857142857144,4,7,7
12,15.047619047619047,6.0,7.0,7.0,6.0,7.0,7.0,6.0,2.5714285714285716,4,1,7
13,15.428571428571429,7.0,6.0,7.0,7.0,6.0,7.0,7.0,2.4285714285714284,4,5,7
14,13.333333333333334,6.0,7.0,6.0,7.0,6.0,7.0,6.0,2.857142857142857,4,4,7
15,16.285714285714285,7.0,6.0,7.0,6.0,7.0,7.0,7.0,2.4285714285714284,4,3,7
16,16.571428571428573,7.0,6.0,7.0,7.0,6.0,7.0,7.0,2.2857142857142856,4,4,7
17,16.571428571428573,7.0,6.0,7.0,7.0,6.0,7.0,7.0,2.2857142857142856,4,3,7
18,17.61904761904762,7.0,6.0,7.0,7.0,7.0,7.0,7.0,2.4285714285714284,4,4,7
19,10.857142857142858,6.0,6.0,6.0,6.0,6.0,6.0,6.0,2.857142857142857,4,4,7
20,11.619047619047619,6.0,5.0,7.0,5.0,6.0,6.0,6.0,2.857142857142857,4,4,7
21,14.095238095238095,7.0,7.0,7.0,7.0,7.0,7.0,7.0,2.5714285714285716,4,6,7
22,15.142857142857142,6.0,6.0,7.0,6.0,6.0,7.0,6.0,2.4285714285714284,4,1,7
23,12.19047619047619,6.0,7.0,6.0,6.0,7.0,6.0,6.0,2.4285714285714284,4,4,7
24,17.333333333333332,7.0,7.0,7.0,6.0,7.0,6.0,7.0,2.2857142857142856,4,5,7
25,14.571428571428571,6.0,7.0,6.0,6.0,7.0,6.0,6.0,2.5714285714285716,4,3,7
26,17.61904761904762,6.0,7.0,6.0,6.0,7.0,6.0,6.0,1.8571428571428572,3,5,7
27,14.857142857142858,6.0,7.0,6.0,7.0,7.0,7.0,6.0,1.8571428571428572,4,0,7
28,14.476190476190476,7.0,6.0,7.0,6.0,7.0,6.0,7.0,2.857142857142857,4,4,7
29,15.142857142857142,7.0,7.0,7.0,7.0,7.0,7.0,7.0,2.4285714285714284,4,4,7
30,15.238095238095237,7.0,7.0,7.0,7.0,7.0,7.0,7.0,2.0,3,3,7
31,15.523809523809524,7.0,6.0,7.0,7.0,6.0,7.0,7.0,2.142857142857143,4,5,7
32,17.333333333333332,7.0,7.0,7.0,7.0,7.0,7.0,7.0,2.2857142857142856,4,4,7
33,15.333333333333334,6.0,7.0,6.0,7.0,7.0,7.0,6.0,2.5714285714285716,4,5,7
34,14.095238095238095,6.0,7.0,6.0,7.0,7.0,7.0,6.0,2.142857142857143,4,2,7
35,9.619047619047619,6.0,5.0,6.0,6.0,5.0,6.0,6.0,2.2857142857142856,4,3,7
36,15.904761904761905,6.0,7.0,6.0,6.0,7.0,6.0,6.0,2.5714285714285716,4,4,7
37,13.428571428571429,7.0,6.0,7.0,7.0,6.0,7.0,7.0,2.142857142857143,4,3,7
38,15.904761904761905,7.0,7.0,7.0,7.0,7.0,7.0,7.0,2.2857142857142856,4,5,7
39,11.904761904761905,6.0,6.0,6.0,6.0,6.0,6.0,6.0,2.142857142857143,4,2,7
40,17.333333333333332,7.0,7.0,7.0,7.0,7.0,7.0,7.0,2.5714285714285716,4,7,7
41,18.38095238095238,7.0,7.0,7.0,7.0,7.0,7.0,7.0,2.142857142857143,4,4,7
42,16.571428571428573,7.0,7.0,7.0,7.0,7.0,7.0,7.0,2.0,4,5,7
43,12.952380952380953,6.0,5.0,6.0,6.0,5.0,6.0,6.0,3.0,4,3,7
44,18.38095238095238,7.0,7.0,7.0,7.0,7.0,7.0,7.0,2.4285714285714284,4,4,7
45,13.714285714285714,7.0,7.0,7.0,7.0,7.0,7.0,7.0,2.0,4,5,7
46,20.0,7.0,7.0,7.0,7.0,7.0,7.0,7.0,2.4285714285714284,4,4,7
47,11.80952380952381,7.0,6.0,7.0,6.0,7.0,6.0,7.0,3.142857142857143,4,4,7
48,13.80952380952381,6.0,6.0,7.0,6.0,6.0,7.0,6.0,2.0,4,4,7
49,17.80952380952381,7.0,7.0,7.0,7.0,7.0,7.0,7.0,2.4285714285714284,4,3,7
50,16.666666666666668,7.0,7.0,7.0,7.0,7.0,7.0,7.0,2.2857142857142856,4,3,7
51,12.761904761904763,6.0,6.0,6.0,7.0,5.0,7.0,6.0,2.7142857142857144,4,4,7
52,13.428571428571429,6.0,7.0,6.0,6.0,7.0,6.0,6.0,2.4285714285714284,4,3,7
53,16.095238095238095,7.0,6.0,7.0,7.0,6.0,7.0,7.0,2.4285714285714284,4,3,7
54,16.476190476190474,7.0,6.0,7.0,7.0,6.0,7.0,7.0,2.142857142857143,4,4,7
55,19.904761904761905,7.0,7.0,7.0,7.0,7.0,7.0,7.0,2.142857142857143,4,2,7
56,18.761904761904763,7.0,7.0,7.0,7.0,7.0,7.0,7.0,3.4285714285714284,4,6,7
57,14.571428571428571,6.0,7.0,6.0,7.0,7.0,7.0,6.0,2.2857142857142856,4,1,7
58,15.428571428571429,7.0,6.0,7.0,7.0,6.0,7.0,7.0,2.5714285714285716,4,3,7
59,13.619047619047619,7.0,7.0,6.0,7.0,6.0,7.0,7.0,2.857142857142857,4,3,7
60,17.714285714285715,7.0,7.0,7.0,7.0,7.0,7.0,7.0,2.142857142857143,4,2,7
61,15.523809523809524,6.0,7.0,6.0,7.0,7.0,7.0,6.0,2.142857142857143,4,2,7
62,15.714285714285714,6.0,7.0,6.0,7.0,6.0,7.0,6.0,2.857142857142857,4,2,7
63,15.238095238095237,7.0,7.0,7.0,7.0,7.0,7.0,7.0,2.142857142857143,4,4,7
64,16.666666666666668,6.0,7.0,6.0,6.0,7.0,6.0,6.0,2.857142857142857,4,4,7
65,13.428571428571429,5.0,6.0,6.0,6.0,6.0,7.0,5.0,2.2857142857142856,4,1,7
66,11.714285714285714,6.0,7.0,6.0,7.0,6.0,7.0,6.0,2.142857142857143,4,0,7
67,15.619047619047619,7.0,6.0,7.0,7.0,6.0,7.0,7.0,2.7142857142857144,4,3,7
68,16.476190476190474,7.0,7.0,6.0,7.0,6.0,7.0,7.0,2.2857142857142856,4,3,7
69,16.38095238095238,7.0,7.0,7.0,7.0,7.0,7.0,7.0,3.0,4,4,7
70,13.904761904761905,6.0,6.0,7.0,6.0,6.0,7.0,6.0,2.0,4,3,7
71,14.761904761904763,7.0,7.0,7.0,7.0,7.0,7.0,7.0,2.4285714285714284,4,4,7
72,18.476190476190474,7.0,7.0,7.0,7.0,7.0,7.0,7.0,2.7142857142857144,4,4,7
73,15.714285714285714,7.0,7.0,7.0,7.0,7.0,7.0,7.0,2.5714285714285716,4,3,7
74,14.476190476190476,7.0,7.0,7.0,7.0,7.0,7.0,7.0,2.4285714285714284,4,5,7
75,17.047619047619047,7.0,7.0,7.0,6.0,7.0,7.0,7.0,2.2857142857142856,4,4,7
76,14.0,6.0,7.0,6.0,7.0,7.0,7.0,6.0,2.857142857142857,4,5,7
77,13.714285714285714,6.0,6.0,6.0,6.0,6.0,6.0,6.0,3.0,4,2,7
78,14.476190476190476,7.0,7.0,7.0,7.0,7.0,7.0,7.0,2.5714285714285716,4,4,7
79,12.666666666666666,6.0,6.0,7.0,6.0,6.0,6.0,6.0,2.2857142857142856,4,4,7
80,12.952380952380953,6.0,6.0,6.0,6.0,6.0,6.0,6.0,2.142857142857143,4,4,7
81,18.571428571428573,7.0,7.0,7.0,7.0,7.0,7.0,7.0,2.2857142857142856,4,6,7
82,14.857142857142858,6.0,6.0,7.0,6.0,6.0,7.0,6.0,2.4285714285714284,4,5,7
83,12.571428571428571,7.0,5.0,7.0,6.0,7.0,6.0,7.0,2.2857142857142856,4,3,7
84,17.714285714285715,7.0,7.0,7.0,7.0,7.0,7.0,7.0,2.142857142857143,4,4,7
85,15.142857142857142,7.0,7.0,7.0,7.0,7.0,6.0,7.0,2.5714285714285716,4,3,7
86,14.761904761904763,7.0,7.0,7.0,7.0,7.0,7.0,7.0,1.7142857142857142,4,3,7
87,12.571428571428571,6.0,7.0,7.0,6.0,7.0,7.0,6.0,2.142857142857143,4,4,7
88,14.952380952380953,7.0,6.0,7.0,6.0,6.0,6.0,7.0,2.857142857142857,4,5,7
89,14.666666666666666,6.0,7.0,6.0,7.0,6.0,7.0,6.0,2.4285714285714284,4,2,7
90,15.523809523809524,7.0,6.0,7.0,7.0,6.0,7.0,7.0,2.0,4,1,7
91,18.666666666666668,7.0,7.0,7.0,7.0,7.0,7.0,7.0,2.0,4,4,7
92,12.857142857142858,7.0,6.0,7.0,7.0,6.0,7.0,7.0,2.142857142857143,4,4,7
93,17.80952380952381,7.0,6.0,7.0,7.0,6.0,7.0,7.0,2.0,4,5,7
94,15.142857142857142,7.0,6.0,7.0,7.0,6.0,7.0,7.0,2.4285714285714284,4,4,7
95,15.619047619047619,7.0,6.0,7.0,7.0,6.0,7.0,7.0,2.5714285714285716,4,5,7
96,15.238095238095237,7.0,7.0,7.0,6.0,7.0,6.0,7.0,2.857142857142857,4,7,7
97,17.333333333333332,7.0,6.0,7.0,7.0,6.0,7.0,7.0,2.142857142857143,4,3,7
98,15.428571428571429,7.0,6.0,7.0,7.0,6.0,7.0,7.0,2.5714285714285716,4,6,7
99,16.285714285714285,6.0,7.0,6.0,6.0,7.0,6.0,6.0,2.2857142857142856,4,6,7
100,14.380952380952381,6.0,7.0,6.0,6.0,7.0,6.0,6.0,3.142857142857143,4,3,7
101,18.19047619047619,7.0,7.0,7.0,7.0,7.0,7.0,7.0,2.5714285714285716,4,4,7
102,16.38095238095238,6.0,7.0,7.0,7.0,7.0,7.0,6.0,2.0,4,2,7
103,14.571428571428571,6.0,7.0,6.0,7.0,6.0,7.0,6.0,2.857142857142857,4,3,7
104,18.38095238095238,7.0,7.0,7.0,7.0,7.0,7.0,7.0,2.4285714285714284,4,5,7
105,14.666666666666666,6.0,7.0,6.0,7.0,7.0,7.0,6.0,2.7142857142857144,4,2,7
106,14.285714285714286,7.0,7.0,7.0,6.0,7.0,6.0,7.0,1.8571428571428572,4,5,7
107,13.142857142857142,6.0,7.0,6.0,7.0,6.0,7.0,6.0,1.8571428571428572,4,1,7
108,15.238095238095237,7.0,6.0,7.0,7.0,6.0,7.0,7.0,2.5714285714285716,4,4,7
109,14.476190476190476,7.0,6.0,7.0,7.0,6.0,7.0,7.0,2.2857142857142856,4,4,7
110,16.0,7.0,6.0,7.0,7.0,6.0,7.0,7.0,2.2857142857142856,4,4,7
111,14.095238095238095,7.0,7.0,7.0,6.0,6.0,6.0,7.0,2.4285714285714284,4,5,7
112,15.142857142857142,6.0,6.0,7.0,6.0,6.0,7.0,6.0,2.0,4,2,7
113,15.142857142857142,6.0,6.0,7.0,7.0,6.0,7.0,6.0,2.7142857142857144,4,2,7
114,15.047619047619047,6.0,6.0,6.0,6.0,6.0,7.0,6.0,2.857142857142857,4,4,7
115,15.142857142857142,7.0,6.0,7.0,7.0,6.0,7.0,7.0,2.2857142857142856,4,4,7
116,17.523809523809526,7.0,7.0,7.0,7.0,7.0,7.0,7.0,1.8571428571428572,4,4,7
117,18.285714285714285,6.0,7.0,7.0,6.0,7.0,7.0,6.0,2.5714285714285716,4,3,7
118,17.428571428571427,7.0,7.0,7.0,7.0,7.0,7.0,7.0,2.7142857142857144,4,5,7
119,14.857142857142858,7.0,7.0,7.0,6.0,7.0,6.0,7.0,2.7142857142857144,4,5,7
120,12.761904761904763,7.0,5.0,7.0,6.0,6.0,6.0,7.0,2.5714285714285716,4,4,7
121,18.19047619047619,7.0,6.0,7.0,7.0,7.0,7.0,7.0,2.4285714285714284,4,4,7
122,9.142857142857142,6.0,5.0,6.0,6.0,5.0,6.0,6.0,2.2857142857142856,4,2,7
123,16.571428571428573,7.0,7.0,7.0,7.0,7.0,7.0,7.0,2.2857142857142856,4,3,7
124,11.714285714285714,6.0,7.0,6.0,7.0,6.0,7.0,6.0,2.2857142857142856,4,4,7
125,15.333333333333334,7.0,6.0,7.0,7.0,6.0,7.0,7.0,2.4285714285714284,4,3,7
126,14.476190476190476,7.0,7.0,7.0,7.0,7.0,7.0,7.0,2.4285714285714284,4,5,7
127,14.857142857142858,7.0,6.0,7.0,7.0,6.0,7.0,7.0,2.7142857142857144,4,2,7
128,15.333333333333334,7.0,7.0,7.0,6.0,7.0,6.0,7.0,2.4285714285714284,4,5,7
129,16.0,7.0,7.0,6.0,7.0,6.0,7.0,7.0,3.0,4,2,7
130,16.095238095238095,7.0,6.0,7.0,7.0,6.0,7.0,7.0,2.0,4,4,7
131,10.19047619047619,7.0,5.0,6.0,7.0,5.0,6.0,7.0,2.2857142857142856,4,2,7
132,15.333333333333334,6.0,7.0,6.0,6.0,7.0,6.0,6.0,2.5714285714285716,4,3,7
133,17.80952380952381,7.0,7.0,7.0,7.0,7.0,7.0,7.0,2.5714285714285716,4,5,7
134,14.095238095238095,7.0,6.0,6.0,7.0,6.0,6.0,7.0,2.4285714285714284,4,4,7
135,13.047619047619047,7.0,5.0,6.0,7.0,5.0,6.0,7.0,2.7142857142857144,4,1,7
136,10.666666666666666,7.0,7.0,7.0,7.0,6.0,7.0,7.0,2.0,4,5,7
137,14.857142857142858,7.0,7.0,7.0,7.0,7.0,7.0,7.0,2.5714285714285716,4,2,7
138,14.857142857142858,6.0,6.0,7.0,6.0,6.0,7.0,6.0,2.142857142857143,4,2,7
139,17.61904761904762,7.0,6.0,7.0,7.0,6.0,7.0,7.0,1.8571428571428572,4,3,7
140,17.142857142857142,7.0,7.0,7.0,7.0,7.0,7.0,7.0,2.857142857142857,4,4,7
141,11.428571428571429,7.0,6.0,6.0,7.0,6.0,6.0,7.0,2.857142857142857,4,3,7
142,15.047619047619047,7.0,7.0,7.0,7.0,7.0,7.0,7.0,2.4285714285714284,4,3,7
143,13.80952380952381,7.0,6.0,7.0,6.0,7.0,7.0,7.0,2.0,4,3,7
144,17.904761904761905,7.0,6.0,7.0,7.0,6.0,7.0,7.0,1.8571428571428572,4,4,7
145,14.19047619047619,7.0,6.0,7.0,7.0,6.0,7.0,7.0,2.4285714285714284,4,4,7
146,17.904761904761905,7.0,7.0,7.0,7.0,7.0,7.0,7.0,2.142857142857143,4,2,7
147,8.666666666666666,7.0,5.0,7.0,7.0,5.0,7.0,7.0,2.142857142857143,4,2,7
148,19.047619047619047,7.0,7.0,7.0,7.0,7.0,7.0,7.0,2.2857142857142856,4,3,7
149,13.142857142857142,6.0,6.0,6.0,6.0,6.0,6.0,6.0,2.4285714285714284,4,2,7
150,16.761904761904763,7.0,7.0,7.0,6.0,7.0,7.0,7.0,2.7142857142857144,4,4,7
151,15.047619047619047,6.0,6.0,6.0,6.0,6.0,6.0,6.0,2.0,4,4,7
152,12.952380952380953,7.0,6.0,7.0,6.0,7.0,6.0,7.0,2.5714285714285716,4,3,7
153,15.047619047619047,7.0,5.0,7.0,6.0,6.0,6.0,7.0,2.142857142857143,4,4,7
154,13.333333333333334,6.0,7.0,7.0,7.0,6.0,7.0,6.0,2.2857142857142856,4,3,7
155,12.952380952380953,6.0,6.0,6.0,6.0,6.0,6.0,6.0,3.0,4,4,7
156,12.19047619047619,7.0,7.0,7.0,7.0,7.0,7.0,7.0,2.2857142857142856,4,3,7
157,14.380952380952381,6.0,6.0,7.0,6.0,6.0,7.0,6.0,3.0,4,5,7
158,11.047619047619047,6.0,5.0,7.0,5.0,6.0,6.0,6.0,2.142857142857143,4,2,7
159,15.619047619047619,6.0,7.0,6.0,6.0,7.0,6.0,6.0,2.4285714285714284,4,4,7
160,13.428571428571429,6.0,6.0,6.0,7.0,6.0,7.0,6.0,2.142857142857143,4,2,7
161,13.047619047619047,6.0,6.0,6.0,6.0,6.0,6.0,6.0,2.857142857142857,4,3,7
162,16.476190476190474,6.0,7.0,6.0,7.0,7.0,7.0,6.0,2.2857142857142856,4,2,7
163,12.857142857142858,6.0,7.0,6.0,6.0,7.0,6.0,6.0,2.4285714285714284,4,4,7
164,11.238095238095237,6.0,6.0,6.0,6.0,6.0,6.0,6.0,2.4285714285714284,4,3,7
165,17.047619047619047,7.0,6.0,7.0,7.0,6.0,7.0,7.0,2.4285714285714284,4,5,7
166,9.523809523809524,6.0,6.0,7.0,6.0,6.0,7.0,6.0,2.4285714285714284,4,3,7
167,18.095238095238095,7.0,6.0,7.0,7.0,7.0,6.0,7.0,2.7142857142857144,4,4,7
168,15.047619047619047,7.0,6.0,7.0,7.0,6.0,7.0,7.0,2.4285714285714284,4,3,7
169,15.142857142857142,6.0,7.0,6.0,7.0,6.0,7.0,6.0,2.2857142857142856,4,3,7
170,16.0,6.0,6.0,7.0,6.0,6.0,7.0,6.0,2.142857142857143,4,3,7
171,14.476190476190476,7.0,7.0,7.0,7.0,7.0,7.0,7.0,2.857142857142857,4,2,7
172,14.857142857142858,6.0,7.0,7.0,6.0,7.0,7.0,6.0,2.2857142857142856,4,3,7
173,10.666666666666666,7.0,6.0,7.0,6.0,7.0,6.0,7.0,1.7142857142857142,4,3,7
174,11.238095238095237,7.0,5.0,7.0,6.0,6.0,6.0,7.0,2.7142857142857144,4,3,7
175,12.380952380952381,6.0,6.0,7.0,6.0,6.0,7.0,6.0,2.4285714285714284,4,3,7
176,11.714285714285714,7.0,6.0,7.0,6.0,7.0,6.0,7.0,3.2857142857142856,4,4,7
177,14.952380952380953,5.0,6.0,6.0,6.0,6.0,7.0,5.0,2.0,4,3,7
178,9.619047619047619,6.0,6.0,6.0,6.0,6.0,6.0,6.0,2.857142857142857,4,4,7
179,15.523809523809524,7.0,7.0,7.0,7.0,7.0,7.0,7.0,2.857142857142857,4,3,7
180,16.095238095238095,7.0,7.0,7.0,7.0,7.0,7.0,7.0,2.0,4,3,7
181,14.095238095238095,6.0,6.0,7.0,6.0,6.0,7.0,6.0,2.142857142857143,4,4,7
182,13.904761904761905,7.0,6.0,7.0,7.0,6.0,7.0,7.0,2.0,4,3,7
183,15.047619047619047,7.0,7.0,7.0,7.0,7.0,7.0,7.0,2.4285714285714284,4,3,7
184,18.666666666666668,7.0,7.0,7.0,7.0,7.0,7.0,7.0,2.4285714285714284,4,6,7
185,16.476190476190474,7.0,7.0,7.0,7.0,7.0,7.0,7.0,2.4285714285714284,4,3,7
186,14.952380952380953,7.0,7.0,7.0,6.0,7.0,6.0,7.0,2.5714285714285716,4,6,7
187,16.571428571428573,7.0,7.0,7.0,7.0,7.0,7.0,7.0,1.8571428571428572,4,3,7
188,15.619047619047619,6.0,7.0,6.0,6.0,7.0,6.0,6.0,2.5714285714285716,4,4,7
189,16.857142857142858,7.0,7.0,7.0,7.0,7.0,7.0,7.0,2.0,4,3,7
190,18.19047619047619,7.0,7.0,6.0,7.0,7.0,6.0,7.0,2.4285714285714284,4,3,7
191,13.238095238095237,6.0,6.0,6.0,6.0,6.0,6.0,6.0,2.4285714285714284,4,3,7
192,11.80952380952381,6.0,6.0,6.0,6.0,6.0,6.0,6.0,2.7142857142857144,4,6,7
193,13.428571428571429,7.0,6.0,7.0,7.0,7.0,6.0,7.0,2.142857142857143,4,6,7
194,16.571428571428573,7.0,7.0,7.0,7.0,7.0,7.0,7.0,2.7142857142857144,4,5,7
195,11.714285714285714,7.0,6.0,7.0,7.0,7.0,7.0,7.0,2.2857142857142856,4,4,7
196,17.714285714285715,6.0,7.0,6.0,7.0,7.0,7.0,6.0,2.5714285714285716,4,4,7
197,10.095238095238095,6.0,7.0,6.0,6.0,7.0,6.0,6.0,2.0,4,3,7
198,14.857142857142858,7.0,5.0,7.0,6.0,6.0,6.0,7.0,2.2857142857142856,4,3,7
199,11.904761904761905,7.0,6.0,7.0,7.0,6.0,7.0,7.0,3.142857142857143,4,4,7
200,18.19047619047619,7.0,7.0,7.0,7.0,7.0,7.0,7.0,1.8571428571428572,4,4,7
201,18.38095238095238,6.0,7.0,6.0,7.0,7.0,7.0,6.0,2.2857142857142856,4,3,7
202,14.571428571428571,6.0,6.0,6.0,7.0,6.0,7.0,6.0,2.5714285714285716,4,3,7
203,11.80952380952381,6.0,6.0,7.0,6.0,6.0,7.0,6.0,2.5714285714285716,4,4,7
204,16.0,7.0,7.0,7.0,7.0,7.0,7.0,7.0,2.7142857142857144,4,4,7
205,13.142857142857142,6.0,6.0,6.0,6.0,6.0,6.0,6.0,3.0,4,5,7
206,15.142857142857142,7.0,7.0,7.0,7.0,7.0,7.0,7.0,2.142857142857143,4,4,7
207,18.952380952380953,7.0,7.0,7.0,7.0,7.0,7.0,7.0,2.0,4,6,7
208,11.904761904761905,6.0,6.0,6.0,6.0,6.0,6.0,6.0,2.0,4,2,7
209,15.523809523809524,7.0,7.0,7.0,7.0,7.0,7.0,7.0,2.5714285714285716,4,6,7
210,15.238095238095237,7.0,6.0,7.0,7.0,6.0,7.0,7.0,2.2857142857142856,4,6,7
211,14.476190476190476,6.0,6.0,6.0,7.0,6.0,7.0,6.0,2.0,4,1,7
212,16.476190476190474,7.0,7.0,7.0,6.0,7.0,6.0,7.0,2.4285714285714284,4,6,7
213,16.38095238095238,7.0,6.0,7.0,6.0,6.0,6.0,7.0,2.4285714285714284,4,5,7
214,16.571428571428573,7.0,6.0,7.0,7.0,6.0,7.0,7.0,2.2857142857142856,4,4,7
215,15.619047619047619,7.0,7.0,7.0,7.0,7.0,7.0,7.0,2.142857142857143,4,5,7
216,14.571428571428571,7.0,7.0,7.0,7.0,7.0,7.0,7.0,2.2857142857142856,4,3,7
217,15.80952380952381,6.0,7.0,6.0,7.0,7.0,7.0,6.0,2.2857142857142856,4,2,7
218,14.857142857142858,7.0,6.0,7.0,7.0,6.0,7.0,7.0,1.7142857142857142,4,2,7
219,16.095238095238095,7.0,6.0,7.0,7.0,6.0,7.0,7.0,2.0,3,5,7
220,15.80952380952381,7.0,6.0,7.0,7.0,6.0,7.0,7.0,2.5714285714285716,4,4,7
221,16.38095238095238,7.0,6.0,7.0,7.0,6.0,7.0,7.0,3.0,4,5,7
222,16.285714285714285,6.0,6.0,7.0,6.0,6.0,7.0,6.0,2.142857142857143,4,2,7
223,15.523809523809524,6.0,7.0,6.0,7.0,7.0,7.0,6.0,2.7142857142857144,4,4,7
224,17.142857142857142,6.0,7.0,7.0,7.0,7.0,7.0,6.0,2.4285714285714284,4,2,7
225,17.238095238095237,7.0,7.0,7.0,7.0,7.0,7.0,7.0,2.2857142857142856,4,4,7
226,12.952380952380953,5.0,6.0,6.0,6.0,6.0,7.0,5.0,2.0,4,1,7
227,17.904761904761905,7.0,6.0,7.0,7.0,6.0,7.0,7.0,2.5714285714285716,4,2,7
228,10.476190476190476,6.0,7.0,6.0,7.0,6.0,7.0,6.0,2.4285714285714284,4,3,7
229,13.714285714285714,6.0,6.0,7.0,6.0,6.0,6.0,6.0,2.7142857142857144,4,5,7
230,15.80952380952381,7.0,7.0,7.0,7.0,6.0,7.0,7.0,1.8571428571428572,4,4,7
231,16.761904761904763,7.0,6.0,7.0,7.0,6.0,7.0,7.0,2.4285714285714284,4,3,7
232,14.857142857142858,7.0,7.0,7.0,7.0,7.0,7.0,7.0,3.142857142857143,4,5,7
233,14.19047619047619,6.0,6.0,6.0,6.0,6.0,6.0,6.0,2.0,4,3,7
234,16.761904761904763,7.0,7.0,7.0,7.0,7.0,7.0,7.0,2.5714285714285716,4,4,7
235,14.666666666666666,7.0,7.0,6.0,7.0,7.0,6.0,7.0,2.4285714285714284,4,4,7
236,10.19047619047619,6.0,6.0,6.0,6.0,6.0,6.0,6.0,2.4285714285714284,4,2,7
237,16.952380952380953,7.0,6.0,7.0,7.0,7.0,6.0,7.0,2.5714285714285716,4,3,7
238,16.38095238095238,6.0,7.0,7.0,6.0,7.0,7.0,6.0,2.4285714285714284,4,1,7
239,19.61904761904762,7.0,6.0,7.0,7.0,6.0,7.0,7.0,2.142857142857143,4,4,7
240,14.952380952380953,6.0,6.0,7.0,6.0,6.0,7.0,6.0,2.4285714285714284,4,4,7
241,14.19047619047619,7.0,6.0,6.0,7.0,6.0,6.0,7.0,1.7142857142857142,4,2,7
242,10.857142857142858,6.0,5.0,6.0,6.0,5.0,6.0,6.0,2.7142857142857144,4,3,7
243,17.333333333333332,6.0,7.0,6.0,7.0,7.0,7.0,6.0,2.2857142857142856,4,4,7
244,17.714285714285715,7.0,6.0,7.0,7.0,6.0,7.0,7.0,2.2857142857142856,4,2,7
245,15.523809523809524,7.0,6.0,7.0,7.0,6.0,7.0,7.0,2.4285714285714284,4,5,7
246,12.19047619047619,6.0,7.0,6.0,6.0,6.0,6.0,6.0,2.2857142857142856,4,1,7
247,15.714285714285714,7.0,7.0,7.0,7.0,7.0,7.0,7.0,2.0,4,3,7
248,19.142857142857142,7.0,7.0,7.0,7.0,7.0,7.0,7.0,2.4285714285714284,4,4,7
249,19.714285714285715,7.0,7.0,7.0,7.0,7.0,7.0,7.0,3.0,4,4,7
250,15.333333333333334,7.0,7.0,6.0,7.0,6.0,7.0,7.0,2.857142857142857,4,3,7
251,16.857142857142858,6.0,7.0,6.0,6.0,7.0,6.0,6.0,2.2857142857142856,4,5,7
252,18.476190476190474,7.0,7.0,7.0,7.0,7.0,7.0,7.0,2.857142857142857,4,3,7
253,11.142857142857142,7.0,6.0,7.0,6.0,6.0,6.0,7.0,2.5714285714285716,4,3,7
254,11.333333333333334,7.0,6.0,7.0,7.0,6.0,7.0,7.0,2.857142857142857,4,5,7
255,14.666666666666666,6.0,7.0,6.0,7.0,6.0,7.0,6.0,2.857142857142857,4,2,7
256,14.857142857142858,7.0,7.0,7.0,7.0,7.0,7.0,7.0,2.4285714285714284,4,5,7
257,16.38095238095238,6.0,6.0,7.0,6.0,6.0,7.0,6.0,2.7142857142857144,4,5,7
258,11.333333333333334,6.0,5.0,6.0,6.0,5.0,6.0,6.0,2.857142857142857,4,5,7
259,9.523809523809524,6.0,6.0,6.0,6.0,6.0,7.0,6.0,2.5714285714285716,4,3,7
260,12.380952380952381,6.0,6.0,6.0,6.0,6.0,6.0,6.0,2.857142857142857,4,2,7
261,12.952380952380953,7.0,6.0,7.0,7.0,6.0,7.0,7.0,1.7142857142857142,4,2,7
262,13.428571428571429,6.0,6.0,7.0,6.0,6.0,7.0,6.0,2.142857142857143,4,3,7
263,17.61904761904762,7.0,7.0,7.0,6.0,7.0,6.0,7.0,3.0,4,3,7
264,15.333333333333334,7.0,7.0,7.0,7.0,7.0,7.0,7.0,2.7142857142857144,4,3,7
265,16.19047619047619,7.0,7.0,7.0,7.0,7.0,7.0,7.0,2.0,4,6,7
266,17.142857142857142,7.0,7.0,7.0,7.0,7.0,7.0,7.0,2.5714285714285716,4,5,7
267,14.571428571428571,6.0,6.0,6.0,7.0,6.0,7.0,6.0,2.2857142857142856,4,4,7
268,14.857142857142858,6.0,7.0,6.0,7.0,7.0,7.0,6.0,2.142857142857143,4,2,7
269,17.142857142857142,7.0,7.0,7.0,7.0,7.0,7.0,7.0,3.0,4,7,7
270,19.142857142857142,7.0,7.0,7.0,7.0,7.0,7.0,7.0,2.4285714285714284,4,5,7
271,16.38095238095238,7.0,7.0,7.0,7.0,6.0,7.0,7.0,2.0,4,5,7
272,15.428571428571429,7.0,6.0,7.0,7.0,6.0,7.0,7.0,2.5714285714285716,4,5,7
273,7.809523809523809,6.0,5.0,7.0,5.0,6.0,6.0,6.0,1.8571428571428572,4,1,7
274,13.80952380952381,6.0,6.0,6.0,6.0,6.0,6.0,6.0,2.857142857142857,4,6,7
275,16.857142857142858,7.0,7.0,7.0,7.0,7.0,7.0,7.0,2.0,4,3,7
276,11.714285714285714,7.0,5.0,7.0,6.0,6.0,6.0,7.0,2.4285714285714284,4,3,7
277,12.761904761904763,6.0,6.0,6.0,7.0,5.0,7.0,6.0,2.7142857142857144,4,3,7
278,13.047619047619047,6.0,6.0,6.0,7.0,6.0,7.0,6.0,2.2857142857142856,4,4,7
279,18.0,7.0,7.0,7.0,7.0,7.0,7.0,7.0,1.7142857142857142,4,3,7
280,12.476190476190476,6.0,6.0,7.0,6.0,5.0,7.0,6.0,2.0,4,6,7
281,17.238095238095237,6.0,6.0,7.0,7.0,6.0,7.0,6.0,2.2857142857142856,4,4,7
282,16.38095238095238,6.0,7.0,7.0,6.0,7.0,7.0,6.0,2.142857142857143,4,1,7
283,15.904761904761905,7.0,5.0,6.0,7.0,5.0,6.0,7.0,2.5714285714285716,4,4,7
284,12.476190476190476,6.0,6.0,7.0,6.0,6.0,7.0,6.0,1.8571428571428572,4,2,7
285,11.523809523809524,7.0,5.0,7.0,6.0,6.0,6.0,7.0,2.142857142857143,4,4,7
286,13.142857142857142,5.0,7.0,6.0,6.0,7.0,7.0,5.0,2.5714285714285716,4,4,7
287,13.047619047619047,6.0,6.0,7.0,6.0,6.0,7.0,6.0,2.0,4,3,7
288,15.142857142857142,7.0,6.0,7.0,7.0,7.0,7.0,7.0,2.4285714285714284,4,5,7
289,18.952380952380953,7.0,7.0,7.0,7.0,7.0,7.0,7.0,2.5714285714285716,4,3,7
290,16.476190476190474,7.0,7.0,7.0,7.0,7.0,7.0,7.0,2.7142857142857144,4,4,7
291,15.333333333333334,7.0,7.0,6.0,7.0,6.0,7.0,7.0,2.7142857142857144,4,3,7
292,13.428571428571429,6.0,7.0,7.0,6.0,7.0,7.0,6.0,2.2857142857142856,4,2,7
293,12.666666666666666,7.0,6.0,7.0,7.0,7.0,6.0,7.0,2.4285714285714284,4,3,7
294,18.095238095238095,7.0,7.0,7.0,7.0,7.0,7.0,7.0,2.0,4,3,7
295,12.476190476190476,6.0,7.0,7.0,7.0,7.0,7.0,6.0,2.142857142857143,4,4,7
296,17.80952380952381,7.0,6.0,7.0,7.0,6.0,7.0,7.0,2.5714285714285716,4,2,7
297,14.476190476190476,7.0,6.0,7.0,7.0,6.0,7.0,7.0,3.0,4,5,7
298,13.238095238095237,6.0,7.0,7.0,6.0,7.0,7.0,6.0,2.142857142857143,4,4,7
299,17.238095238095237,7.0,7.0,7.0,7.0,7.0,6.0,7.0,2.0,4,2,7
300,15.238095238095237,6.0,7.0,6.0,7.0,6.0,7.0,6.0,2.5714285714285716,4,5,7
301,14.285714285714286,7.0,7.0,7.0,7.0,7.0,7.0,7.0,1.8571428571428572,4,5,7
302,14.380952380952381,6.0,6.0,6.0,6.0,6.0,6.0,6.0,2.5714285714285716,4,5,7
303,14.0,7.0,7.0,7.0,7.0,7.0,7.0,7.0,2.4285714285714284,4,3,7
304,17.714285714285715,7.0,7.0,7.0,7.0,7.0,7.0,7.0,2.2857142857142856,4,3,7
305,17.61904761904762,7.0,7.0,7.0,7.0,7.0,7.0,7.0,2.5714285714285716,4,4,7
306,12.0,7.0,6.0,7.0,6.0,6.0,6.0,7.0,2.142857142857143,4,4,7
307,15.142857142857142,7.0,6.0,7.0,7.0,6.0,7.0,7.0,1.8571428571428572,4,2,7
308,16.476190476190474,7.0,6.0,6.0,7.0,6.0,6.0,7.0,2.4285714285714284,4,6,7
309,9.142857142857142,5.0,6.0,6.0,5.0,6.0,6.0,5.0,2.4285714285714284,4,1,7
310,15.428571428571429,6.0,7.0,6.0,7.0,7.0,7.0,6.0,2.4285714285714284,4,2,7
311,13.428571428571429,7.0,7.0,7.0,7.0,6.0,7.0,7.0,2.2857142857142856,4,5,7
312,18.285714285714285,7.0,7.0,7.0,7.0,7.0,7.0,7.0,2.0,4,6,7
313,15.428571428571429,6.0,7.0,6.0,7.0,7.0,7.0,6.0,2.0,4,4,7
314,13.904761904761905,7.0,6.0,7.0,7.0,6.0,7.0,7.0,2.0,4,3,7
315,16.666666666666668,7.0,7.0,7.0,7.0,7.0,7.0,7.0,3.0,4,5,7
316,16.19047619047619,7.0,6.0,7.0,7.0,6.0,7.0,7.0,2.2857142857142856,4,3,7
317,17.238095238095237,7.0,7.0,7.0,7.0,7.0,7.0,7.0,2.5714285714285716,4,5,7
318,11.904761904761905,5.0,6.0,6.0,6.0,6.0,7.0,5.0,2.7142857142857144,4,4,7
319,16.285714285714285,7.0,6.0,7.0,7.0,6.0,7.0,7.0,3.0,4,4,7
320,15.619047619047619,7.0,6.0,7.0,7.0,6.0,7.0,7.0,2.2857142857142856,4,4,7
321,16.19047619047619,7.0,6.0,7.0,7.0,6.0,7.0,7.0,2.4285714285714284,4,3,7
322,12.666666666666666,5.0,6.0,6.0,6.0,6.0,7.0,5.0,2.2857142857142856,4,3,7
323,14.666666666666666,7.0,6.0,6.0,7.0,6.0,6.0,7.0,3.0,4,2,7
324,12.0,6.0,6.0,6.0,7.0,5.0,7.0,6.0,2.4285714285714284,4,3,7
325,18.952380952380953,7.0,7.0,7.0,7.0,7.0,7.0,7.0,2.857142857142857,4,5,7
326,15.238095238095237,7.0,7.0,7.0,7.0,7.0,7.0,7.0,3.142857142857143,4,5,7
327,10.380952380952381,6.0,7.0,6.0,7.0,6.0,7.0,6.0,2.5714285714285716,4,4,7
328,17.142857142857142,7.0,6.0,7.0,7.0,6.0,7.0,7.0,2.4285714285714284,4,4,7
329,16.19047619047619,7.0,6.0,7.0,7.0,6.0,7.0,7.0,2.4285714285714284,4,5,7
330,13.619047619047619,7.0,7.0,7.0,7.0,7.0,7.0,7.0,2.2857142857142856,4,5,7
331,12.761904761904763,6.0,6.0,6.0,6.0,6.0,6.0,6.0,2.7142857142857144,4,3,7
332,15.238095238095237,6.0,7.0,6.0,6.0,7.0,6.0,6.0,2.2857142857142856,4,1,7
333,15.142857142857142,7.0,7.0,6.0,7.0,6.0,7.0,7.0,2.7142857142857144,4,4,7
334,14.285714285714286,7.0,6.0,7.0,6.0,6.0,6.0,7.0,2.142857142857143,4,4,7
335,17.61904761904762,7.0,7.0,7.0,7.0,7.0,7.0,7.0,2.142857142857143,4,2,7
336,14.666666666666666,7.0,6.0,7.0,6.0,6.0,6.0,7.0,2.4285714285714284,4,5,7
337,10.571428571428571,6.0,5.0,6.0,6.0,5.0,6.0,6.0,2.857142857142857,4,3,7
338,15.047619047619047,7.0,7.0,7.0,7.0,7.0,7.0,7.0,2.4285714285714284,4,5,7
339,14.380952380952381,7.0,5.0,7.0,6.0,6.0,6.0,7.0,2.4285714285714284,4,6,7
340,16.476190476190474,7.0,6.0,7.0,7.0,6.0,7.0,7.0,2.0,4,5,7
341,12.19047619047619,6.0,6.0,6.0,6.0,6.0,6.0,6.0,2.5714285714285716,4,3,7
342,12.476190476190476,6.0,7.0,6.0,7.0,6.0,7.0,6.0,2.4285714285714284,4,3,7
343,14.476190476190476,6.0,6.0,6.0,6.0,6.0,6.0,6.0,2.5714285714285716,4,4,7
344,17.714285714285715,7.0,7.0,7.0,7.0,7.0,7.0,7.0,2.4285714285714284,4,4,7
345,14.476190476190476,6.0,7.0,6.0,7.0,7.0,7.0,6.0,2.7142857142857144,4,3,7
346,12.666666666666666,6.0,6.0,6.0,6.0,6.0,6.0,6.0,2.5714285714285716,4,4,7
347,9.333333333333334,6.0,5.0,7.0,5.0,6.0,6.0,6.0,3.0,4,3,7
348,15.047619047619047,7.0,7.0,6.0,7.0,7.0,6.0,7.0,2.5714285714285716,4,5,7
349,11.523809523809524,6.0,5.0,7.0,6.0,5.0,7.0,6.0,2.7142857142857144,4,3,7
350,11.333333333333334,6.0,6.0,6.0,6.0,6.0,6.0,6.0,2.7142857142857144,4,6,7
351,16.476190476190474,7.0,7.0,7.0,7.0,7.0,7.0,7.0,2.5714285714285716,4,5,7
352,11.904761904761905,6.0,6.0,7.0,6.0,6.0,7.0,6.0,2.4285714285714284,4,3,7
353,14.571428571428571,6.0,6.0,6.0,6.0,6.0,6.0,6.0,2.4285714285714284,4,2,7
354,15.80952380952381,6.0,6.0,6.0,6.0,6.0,6.0,6.0,2.857142857142857,4,3,7
355,16.0,7.0,7.0,7.0,7.0,7.0,7.0,7.0,2.4285714285714284,4,4,7
356,15.333333333333334,6.0,7.0,6.0,7.0,6.0,7.0,6.0,2.4285714285714284,4,3,7
357,15.428571428571429,6.0,6.0,6.0,7.0,6.0,7.0,6.0,2.7142857142857144,4,5,7
358,14.095238095238095,7.0,6.0,7.0,6.0,7.0,6.0,7.0,2.4285714285714284,4,3,7
359,13.619047619047619,7.0,6.0,7.0,7.0,6.0,7.0,7.0,2.4285714285714284,4,3,7
360,16.095238095238095,7.0,7.0,7.0,7.0,7.0,7.0,7.0,2.857142857142857,4,6,7
361,14.857142857142858,6.0,7.0,6.0,7.0,7.0,7.0,6.0,3.0,4,5,7
362,10.761904761904763,6.0,7.0,6.0,7.0,7.0,7.0,6.0,2.0,4,2,7
363,15.238095238095237,7.0,7.0,7.0,7.0,7.0,7.0,7.0,2.2857142857142856,4,5,7
364,15.904761904761905,7.0,6.0,7.0,7.0,6.0,7.0,7.0,2.5714285714285716,4,4,7
365,12.666666666666666,7.0,7.0,7.0,7.0,7.0,7.0,7.0,2.4285714285714284,4,3,7
366,11.80952380952381,6.0,7.0,6.0,6.0,6.0,7.0,6.0,2.0,4,1,7
367,12.857142857142858,7.0,7.0,7.0,7.0,7.0,7.0,7.0,3.2857142857142856,4,6,7
368,16.19047619047619,7.0,7.0,7.0,7.0,7.0,7.0,7.0,2.5714285714285716,4,6,7
369,8.761904761904763,5.0,6.0,6.0,6.0,5.0,7.0,5.0,2.2857142857142856,4,0,7
370,13.80952380952381,6.0,7.0,7.0,7.0,6.0,7.0,6.0,2.2857142857142856,4,6,7
371,16.19047619047619,7.0,6.0,7.0,7.0,6.0,7.0,7.0,2.142857142857143,4,4,7
372,12.0,6.0,6.0,6.0,6.0,6.0,6.0,6.0,2.857142857142857,4,3,7
373,14.285714285714286,6.0,6.0,6.0,7.0,6.0,7.0,6.0,2.142857142857143,4,3,7
374,13.523809523809524,6.0,6.0,6.0,6.0,6.0,6.0,6.0,2.5714285714285716,4,5,7
375,15.333333333333334,7.0,6.0,7.0,7.0,6.0,7.0,7.0,2.5714285714285716,4,5,7
376,11.523809523809524,7.0,6.0,6.0,7.0,6.0,6.0,7.0,2.142857142857143,4,2,7
377,18.285714285714285,7.0,7.0,7.0,7.0,7.0,7.0,7.0,2.2857142857142856,4,6,7
378,16.0,7.0,7.0,6.0,7.0,7.0,7.0,7.0,2.7142857142857144,4,3,7
379,13.333333333333334,7.0,6.0,7.0,7.0,6.0,7.0,7.0,2.4285714285714284,4,6,7
380,15.428571428571429,7.0,7.0,7.0,7.0,7.0,7.0,7.0,2.2857142857142856,4,4,7
381,14.571428571428571,7.0,7.0,7.0,7.0,7.0,7.0,7.0,2.2857142857142856,4,3,7
382,17.047619047619047,7.0,7.0,7.0,7.0,7.0,7.0,7.0,2.2857142857142856,4,4,7
383,13.238095238095237,7.0,6.0,7.0,7.0,6.0,7.0,7.0,2.4285714285714284,4,5,7
384,16.19047619047619,6.0,7.0,6.0,7.0,7.0,7.0,6.0,2.7142857142857144,4,4,7
385,16.19047619047619,7.0,7.0,7.0,7.0,7.0,7.0,7.0,2.2857142857142856,4,4,7
386,16.0,7.0,6.0,7.0,6.0,7.0,6.0,7.0,2.0,4,4,7
387,12.952380952380953,7.0,6.0,7.0,6.0,7.0,6.0,7.0,2.4285714285714284,4,3,7
388,14.571428571428571,7.0,6.0,7.0,6.0,7.0,6.0,7.0,2.4285714285714284,4,6,7
389,15.428571428571429,6.0,7.0,6.0,6.0,7.0,6.0,6.0,2.2857142857142856,4,4,7
390,9.80952380952381,6.0,6.0,7.0,6.0,7.0,6.0,6.0,2.4285714285714284,4,2,7
391,12.857142857142858,7.0,7.0,7.0,7.0,7.0,7.0,7.0,2.2857142857142856,4,4,7
392,18.666666666666668,7.0,7.0,7.0,7.0,7.0,7.0,7.0,2.4285714285714284,4,5,7
393,13.714285714285714,6.0,6.0,7.0,6.0,6.0,7.0,6.0,2.2857142857142856,4,3,7
394,14.19047619047619,6.0,7.0,6.0,7.0,7.0,7.0,6.0,2.142857142857143,4,2,7
395,15.238095238095237,7.0,7.0,7.0,6.0,7.0,6.0,7.0,2.142857142857143,4,6,7
396,17.80952380952381,6.0,7.0,6.0,6.0,7.0,6.0,6.0,2.7142857142857144,4,5,7
397,11.428571428571429,6.0,6.0,7.0,6.0,6.0,7.0,6.0,2.142857142857143,4,1,7
398,18.095238095238095,7.0,7.0,7.0,7.0,7.0,7.0,7.0,2.5714285714285716,4,4,7
399,15.428571428571429,7.0,6.0,7.0,7.0,6.0,7.0,7.0,2.142857142857143,4,6,7
400,17.333333333333332,7.0,7.0,7.0,7.0,7.0,7.0,7.0,2.142857142857143,4,2,7
401,11.714285714285714,7.0,6.0,6.0,7.0,6.0,6.0,7.0,2.7142857142857144,4,5,7
402,19.428571428571427,7.0,7.0,7.0,7.0,7.0,7.0,7.0,2.0,4,6,7
403,19.428571428571427,7.0,7.0,7.0,7.0,7.0,7.0,7.0,2.4285714285714284,4,3,7
404,10.476190476190476,7.0,7.0,7.0,7.0,7.0,7.0,7.0,2.4285714285714284,4,4,7
405,14.476190476190476,7.0,7.0,7.0,7.0,7.0,7.0,7.0,2.142857142857143,4,3,7
406,16.571428571428573,7.0,7.0,7.0,7.0,7.0,7.0,7.0,2.7142857142857144,4,3,7
407,15.142857142857142,7.0,7.0,7.0,7.0,7.0,7.0,7.0,2.5714285714285716,4,5,7
408,12.952380952380953,6.0,6.0,7.0,6.0,6.0,7.0,6.0,2.0,4,3,7
409,15.238095238095237,6.0,6.0,6.0,6.0,6.0,6.0,6.0,2.5714285714285716,4,3,7
410,14.952380952380953,6.0,6.0,7.0,6.0,6.0,7.0,6.0,2.4285714285714284,4,4,7
411,13.047619047619047,6.0,7.0,6.0,6.0,7.0,6.0,6.0,2.857142857142857,4,3,7
412,12.857142857142858,6.0,7.0,7.0,6.0,7.0,7.0,6.0,2.5714285714285716,4,4,7
413,14.952380952380953,6.0,6.0,7.0,6.0,6.0,7.0,6.0,2.142857142857143,4,3,7
414,12.380952380952381,7.0,6.0,7.0,7.0,6.0,7.0,7.0,3.0,4,7,7
415,16.285714285714285,7.0,7.0,7.0,7.0,7.0,7.0,7.0,2.0,4,7,7
416,14.0,6.0,7.0,6.0,6.0,7.0,6.0,6.0,2.4285714285714284,4,2,7
417,12.0,7.0,7.0,6.0,7.0,6.0,7.0,7.0,3.142857142857143,4,4,7
418,11.80952380952381,6.0,6.0,7.0,6.0,6.0,7.0,6.0,2.4285714285714284,4,3,7
419,14.571428571428571,7.0,7.0,7.0,7.0,7.0,7.0,7.0,2.5714285714285716,4,4,7
420,12.857142857142858,7.0,6.0,7.0,7.0,5.0,7.0,7.0,2.4285714285714284,4,4,7
421,13.80952380952381,6.0,7.0,6.0,7.0,6.0,7.0,6.0,2.2857142857142856,4,4,7
422,14.476190476190476,7.0,7.0,7.0,7.0,7.0,7.0,7.0,2.7142857142857144,4,6,7
423,18.38095238095238,7.0,7.0,7.0,7.0,7.0,7.0,7.0,2.4285714285714284,4,3,7
424,15.619047619047619,7.0,6.0,7.0,7.0,6.0,7.0,7.0,2.5714285714285716,4,3,7
425,16.38095238095238,6.0,7.0,6.0,6.0,7.0,6.0,6.0,2.7142857142857144,4,5,7
426,18.19047619047619,7.0,7.0,7.0,7.0,7.0,7.0,7.0,2.4285714285714284,4,5,7
427,12.19047619047619,7.0,5.0,7.0,6.0,6.0,6.0,7.0,2.857142857142857,4,4,7
428,8.857142857142858,5.0,5.0,6.0,5.0,5.0,6.0,5.0,2.2857142857142856,4,2,7
429,13.80952380952381,6.0,6.0,7.0,6.0,6.0,7.0,6.0,1.5714285714285714,3,3,7
430,14.0,7.0,6.0,7.0,7.0,6.0,7.0,7.0,2.5714285714285716,4,3,7
431,14.285714285714286,6.0,7.0,7.0,7.0,6.0,7.0,6.0,1.5714285714285714,4,5,7
432,14.571428571428571,7.0,6.0,7.0,7.0,6.0,7.0,7.0,2.142857142857143,4,4,7
433,13.238095238095237,7.0,7.0,7.0,7.0,7.0,7.0,7.0,2.7142857142857144,4,5,7
434,12.285714285714286,6.0,6.0,6.0,6.0,6.0,6.0,6.0,2.2857142857142856,4,1,7
435,10.666666666666666,6.0,6.0,6.0,6.0,6.0,6.0,6.0,2.142857142857143,4,5,7
436,19.047619047619047,7.0,7.0,7.0,7.0,7.0,7.0,7.0,2.5714285714285716,4,5,7
437,11.714285714285714,6.0,6.0,6.0,6.0,6.0,6.0,6.0,2.2857142857142856,4,4,7
438,18.0,7.0,7.0,7.0,7.0,7.0,7.0,7.0,2.5714285714285716,4,5,7
439,16.095238095238095,7.0,7.0,7.0,7.0,7.0,7.0,7.0,2.7142857142857144,4,6,7
440,16.857142857142858,6.0,7.0,6.0,7.0,7.0,7.0,6.0,2.4285714285714284,4,2,7
441,18.38095238095238,7.0,7.0,7.0,7.0,7.0,7.0,7.0,2.2857142857142856,4,5,7
442,12.761904761904763,6.0,6.0,6.0,6.0,6.0,6.0,6.0,1.8571428571428572,3,2,7
443,16.0,7.0,7.0,7.0,7.0,7.0,7.0,7.0,2.4285714285714284,4,4,7
444,16.476190476190474,7.0,6.0,7.0,7.0,6.0,7.0,7.0,2.142857142857143,4,4,7
445,15.523809523809524,7.0,7.0,7.0,6.0,7.0,6.0,7.0,2.7142857142857144,4,4,7
446,16.38095238095238,6.0,7.0,7.0,6.0,7.0,7.0,6.0,2.5714285714285716,4,4,7
447,15.523809523809524,7.0,7.0,7.0,7.0,7.0,7.0,7.0,2.4285714285714284,4,3,7
448,14.476190476190476,6.0,6.0,7.0,6.0,6.0,7.0,6.0,2.4285714285714284,4,3,7
449,16.666666666666668,7.0,6.0,7.0,7.0,6.0,7.0,7.0,2.4285714285714284,4,2,7
450,14.857142857142858,7.0,6.0,7.0,6.0,7.0,6.0,7.0,2.4285714285714284,4,4,7
451,13.238095238095237,6.0,6.0,7.0,6.0,6.0,7.0,6.0,2.142857142857143,4,4,7
452,14.666666666666666,7.0,7.0,6.0,7.0,7.0,6.0,7.0,2.0,4,2,7
453,16.285714285714285,7.0,7.0,7.0,7.0,7.0,7.0,7.0,2.2857142857142856,4,2,7
454,8.761904761904763,6.0,6.0,6.0,6.0,6.0,6.0,6.0,2.5714285714285716,4,3,7
455,15.333333333333334,7.0,6.0,7.0,6.0,6.0,6.0,7.0,2.4285714285714284,4,4,7
456,18.952380952380953,7.0,7.0,7.0,7.0,7.0,7.0,7.0,2.7142857142857144,4,6,7
457,16.0,6.0,6.0,7.0,6.0,6.0,7.0,6.0,2.857142857142857,4,2,7
458,15.904761904761905,7.0,7.0,7.0,7.0,7.0,7.0,7.0,1.5714285714285714,4,3,7
459,16.19047619047619,6.0,7.0,6.0,7.0,6.0,7.0,6.0,3.0,4,3,7
460,19.428571428571427,7.0,6.0,7.0,7.0,6.0,7.0,7.0,2.2857142857142856,4,2,7
461,17.61904761904762,7.0,7.0,7.0,7.0,7.0,7.0,7.0,2.142857142857143,4,4,7
462,18.571428571428573,7.0,7.0,7.0,7.0,7.0,7.0,7.0,2.142857142857143,4,5,7
463,15.523809523809524,6.0,6.0,6.0,6.0,6.0,6.0,6.0,2.7142857142857144,4,3,7
464,14.19047619047619,6.0,7.0,6.0,7.0,7.0,7.0,6.0,1.8571428571428572,4,4,7
465,13.523809523809524,7.0,6.0,7.0,6.0,7.0,7.0,7.0,2.0,4,3,7
466,16.285714285714285,7.0,6.0,7.0,6.0,7.0,7.0,7.0,2.142857142857143,4,4,7
467,11.142857142857142,6.0,5.0,6.0,5.0,6.0,6.0,6.0,2.142857142857143,4,1,7
468,11.619047619047619,6.0,6.0,6.0,6.0,6.0,6.0,6.0,2.4285714285714284,4,4,7
469,15.619047619047619,6.0,6.0,6.0,6.0,6.0,6.0,6.0,2.7142857142857144,4,3,7
470,19.333333333333332,7.0,7.0,7.0,7.0,7.0,7.0,7.0,2.5714285714285716,4,6,7
471,13.142857142857142,6.0,7.0,6.0,6.0,7.0,6.0,6.0,2.4285714285714284,4,2,7
472,15.80952380952381,7.0,7.0,7.0,7.0,7.0,7.0,7.0,2.0,4,3,7
473,10.380952380952381,6.0,6.0,6.0,7.0,5.0,7.0,6.0,2.5714285714285716,4,3,7
474,17.333333333333332,7.0,7.0,7.0,7.0,7.0,7.0,7.0,2.7142857142857144,4,5,7
475,14.0,6.0,7.0,6.0,7.0,7.0,7.0,6.0,2.7142857142857144,4,4,7
476,14.19047619047619,6.0,6.0,7.0,6.0,6.0,7.0,6.0,1.8571428571428572,4,4,7
477,14.285714285714286,6.0,6.0,6.0,6.0,6.0,6.0,6.0,2.2857142857142856,4,5,7
478,14.857142857142858,7.0,6.0,7.0,6.0,7.0,6.0,7.0,3.142857142857143,4,6,7
479,14.285714285714286,7.0,6.0,7.0,7.0,6.0,7.0,7.0,2.7142857142857144,4,2,7
480,12.476190476190476,7.0,7.0,6.0,7.0,7.0,6.0,7.0,2.2857142857142856,4,2,7
481,13.333333333333334,6.0,6.0,7.0,6.0,6.0,7.0,6.0,2.2857142857142856,4,2,7
482,10.19047619047619,6.0,6.0,7.0,6.0,6.0,7.0,6.0,2.142857142857143,4,1,7
483,17.428571428571427,7.0,7.0,7.0,7.0,7.0,7.0,7.0,2.4285714285714284,4,5,7
484,18.095238095238095,7.0,7.0,7.0,7.0,7.0,7.0,7.0,2.5714285714285716,4,4,7
485,18.19047619047619,7.0,7.0,7.0,7.0,7.0,7.0,7.0,3.0,4,4,7
486,12.571428571428571,6.0,6.0,7.0,6.0,6.0,6.0,6.0,2.4285714285714284,4,3,7
487,16.0,6.0,7.0,6.0,6.0,7.0,6.0,6.0,1.7142857142857142,4,3,7
488,16.285714285714285,7.0,6.0,7.0,7.0,6.0,7.0,7.0,2.142857142857143,4,6,7
489,16.285714285714285,7.0,7.0,7.0,7.0,7.0,7.0,7.0,2.7142857142857144,4,4,7
490,14.380952380952381,7.0,7.0,7.0,7.0,7.0,7.0,7.0,2.7142857142857144,4,4,7
491,16.19047619047619,7.0,7.0,7.0,7.0,7.0,7.0,7.0,2.5714285714285716,4,2,7
492,14.0,7.0,7.0,7.0,7.0,7.0,7.0,7.0,2.5714285714285716,4,5,7
493,18.0,7.0,6.0,7.0,7.0,6.0,7.0,7.0,2.7142857142857144,4,4,7
494,14.380952380952381,6.0,7.0,6.0,7.0,6.0,7.0,6.0,2.7142857142857144,4,4,7
495,19.238095238095237,7.0,7.0,7.0,7.0,7.0,7.0,7.0,2.4285714285714284,4,4,7
496,13.047619047619047,7.0,6.0,7.0,7.0,7.0,6.0,7.0,2.7142857142857144,4,4,7
497,18.666666666666668,7.0,7.0,7.0,7.0,7.0,7.0,7.0,2.0,4,2,7
498,14.761904761904763,6.0,7.0,6.0,7.0,6.0,7.0,6.0,2.4285714285714284,4,3,7
499,15.047619047619047,7.0,6.0,7.0,7.0,6.0,7.0,7.0,2.4285714285714284,4,4,7
500,14.19047619047619,7.0,6.0,7.0,7.0,6.0,7.0,7.0,2.142857142857143,4,5,7
501,14.0,7.0,6.0,7.0,7.0,6.0,7.0,7.0,2.4285714285714284,4,5,7
502,17.428571428571427,7.0,7.0,7.0,7.0,7.0,7.0,7.0,3.0,4,3,7
503,16.857142857142858,6.0,7.0,6.0,7.0,7.0,7.0,6.0,2.7142857142857144,4,4,7
504,9.333333333333334,6.0,6.0,6.0,5.0,7.0,6.0,6.0,2.2857142857142856,4,2,7
505,14.857142857142858,7.0,6.0,7.0,6.0,7.0,6.0,7.0,2.142857142857143,4,2,7
506,12.19047619047619,7.0,7.0,7.0,7.0,7.0,7.0,7.0,2.142857142857143,4,3,7
507,13.428571428571429,6.0,6.0,6.0,7.0,5.0,7.0,6.0,2.5714285714285716,4,2,7
508,11.047619047619047,6.0,6.0,6.0,6.0,6.0,6.0,6.0,2.7142857142857144,4,2,7
509,18.761904761904763,7.0,7.0,7.0,7.0,7.0,7.0,7.0,2.142857142857143,4,5,7
510,13.904761904761905,7.0,7.0,7.0,7.0,7.0,7.0,7.0,2.2857142857142856,4,4,7
511,13.047619047619047,6.0,6.0,7.0,6.0,6.0,7.0,6.0,2.0,4,3,7
512,11.142857142857142,6.0,6.0,6.0,6.0,6.0,6.0,6.0,1.7142857142857142,4,2,7
513,14.285714285714286,6.0,6.0,7.0,6.0,6.0,7.0,6.0,2.142857142857143,4,3,7
514,12.761904761904763,7.0,6.0,7.0,6.0,7.0,6.0,7.0,2.5714285714285716,4,5,7
515,17.333333333333332,7.0,6.0,7.0,7.0,6.0,7.0,7.0,2.2857142857142856,4,4,7
516,15.047619047619047,7.0,7.0,7.0,7.0,7.0,7.0,7.0,2.857142857142857,4,7,7
517,14.19047619047619,6.0,6.0,7.0,6.0,6.0,7.0,6.0,2.4285714285714284,4,3,7
518,15.333333333333334,7.0,7.0,7.0,7.0,7.0,7.0,7.0,2.7142857142857144,4,4,7
519,17.428571428571427,7.0,7.0,7.0,7.0,7.0,7.0,7.0,2.142857142857143,4,5,7
520,13.904761904761905,7.0,6.0,7.0,7.0,6.0,7.0,7.0,2.0,4,3,7
521,13.619047619047619,6.0,6.0,7.0,6.0,6.0,7.0,6.0,2.2857142857142856,4,3,7
522,15.523809523809524,7.0,6.0,7.0,7.0,6.0,7.0,7.0,1.8571428571428572,4,4,7
523,15.714285714285714,7.0,7.0,7.0,7.0,7.0,7.0,7.0,2.5714285714285716,4,3,7
524,10.380952380952381,6.0,6.0,7.0,5.0,6.0,6.0,6.0,2.857142857142857,4,4,7
525,13.619047619047619,7.0,7.0,7.0,7.0,7.0,7.0,7.0,2.0,4,5,7
526,13.904761904761905,7.0,6.0,7.0,7.0,6.0,7.0,7.0,2.142857142857143,4,6,7
527,14.857142857142858,7.0,6.0,6.0,7.0,6.0,6.0,7.0,2.4285714285714284,4,3,7
528,9.619047619047619,5.0,6.0,6.0,6.0,5.0,7.0,5.0,3.0,4,2,7
529,13.047619047619047,6.0,6.0,7.0,6.0,6.0,7.0,6.0,2.0,4,4,7
530,10.571428571428571,6.0,6.0,6.0,6.0,6.0,6.0,6.0,2.2857142857142856,4,1,7
531,15.428571428571429,7.0,7.0,7.0,7.0,7.0,7.0,7.0,2.5714285714285716,4,5,7
532,13.80952380952381,7.0,7.0,7.0,7.0,6.0,7.0,7.0,2.0,4,4,7
533,17.714285714285715,7.0,7.0,7.0,7.0,7.0,7.0,7.0,2.4285714285714284,4,6,7
534,13.142857142857142,7.0,6.0,7.0,6.0,7.0,6.0,7.0,2.4285714285714284,4,4,7
535,17.428571428571427,7.0,7.0,7.0,6.0,7.0,6.0,7.0,2.142857142857143,4,5,7
536,19.047619047619047,7.0,7.0,7.0,7.0,7.0,7.0,7.0,2.0,4,6,7
537,17.333333333333332,7.0,7.0,7.0,7.0,7.0,7.0,7.0,1.8571428571428572,4,4,7
538,14.857142857142858,7.0,7.0,7.0,7.0,7.0,7.0,7.0,1.8571428571428572,4,3,7
539,16.38095238095238,7.0,7.0,7.0,7.0,7.0,7.0,7.0,2.857142857142857,4,4,7
540,8.19047619047619,5.0,6.0,6.0,6.0,5.0,7.0,5.0,3.0,4,2,7
541,14.666666666666666,6.0,6.0,7.0,6.0,6.0,7.0,6.0,2.5714285714285716,4,5,7
542,16.0,7.0,7.0,7.0,7.0,7.0,7.0,7.0,3.142857142857143,4,6,7
543,14.761904761904763,7.0,6.0,7.0,7.0,7.0,7.0,7.0,2.0,4,5,7
544,15.047619047619047,7.0,6.0,7.0,7.0,7.0,7.0,7.0,2.5714285714285716,4,3,7
545,15.714285714285714,7.0,7.0,7.0,7.0,7.0,7.0,7.0,2.7142857142857144,4,4,7
546,9.428571428571429,5.0,6.0,6.0,6.0,5.0,7.0,5.0,2.0,4,2,7
547,16.285714285714285,6.0,7.0,7.0,6.0,7.0,7.0,6.0,2.7142857142857144,4,4,7
548,16.476190476190474,7.0,7.0,7.0,7.0,7.0,7.0,7.0,1.7142857142857142,4,5,7
549,9.047619047619047,6.0,6.0,6.0,6.0,6.0,6.0,6.0,3.4285714285714284,4,5,7
550,18.0,7.0,6.0,7.0,7.0,6.0,7.0,7.0,2.4285714285714284,4,6,7
551,18.666666666666668,7.0,7.0,7.0,6.0,7.0,6.0,7.0,1.8571428571428572,4,3,7
552,15.619047619047619,7.0,7.0,7.0,7.0,7.0,7.0,7.0,2.7142857142857144,4,5,7
553,16.666666666666668,6.0,7.0,6.0,7.0,7.0,7.0,6.0,2.5714285714285716,4,3,7
554,18.19047619047619,7.0,6.0,7.0,7.0,7.0,6.0,7.0,2.7142857142857144,4,4,7
555,17.333333333333332,7.0,7.0,7.0,7.0,7.0,7.0,7.0,1.7142857142857142,4,5,7
556,11.238095238095237,5.0,6.0,6.0,5.0,6.0,6.0,5.0,2.4285714285714284,4,2,7
557,15.714285714285714,6.0,7.0,6.0,7.0,7.0,7.0,6.0,2.142857142857143,4,3,7
558,14.666666666666666,7.0,7.0,7.0,7.0,7.0,7.0,7.0,2.4285714285714284,4,5,7
559,16.19047619047619,7.0,7.0,7.0,7.0,7.0,7.0,7.0,2.0,4,4,7
560,15.619047619047619,7.0,6.0,7.0,7.0,6.0,7.0,7.0,2.5714285714285716,4,4,7
561,13.714285714285714,7.0,6.0,7.0,6.0,7.0,6.0,7.0,2.7142857142857144,4,5,7
562,16.095238095238095,7.0,6.0,7.0,7.0,7.0,6.0,7.0,2.2857142857142856,4,3,7
563,11.619047619047619,6.0,6.0,7.0,6.0,6.0,7.0,6.0,2.857142857142857,4,3,7
564,18.095238095238095,7.0,7.0,7.0,7.0,7.0,7.0,7.0,2.857142857142857,4,4,7
565,12.0,6.0,7.0,6.0,7.0,6.0,7.0,6.0,2.4285714285714284,4,3,7
566,18.666666666666668,6.0,7.0,7.0,7.0,7.0,7.0,6.0,2.2857142857142856,4,3,7
567,15.333333333333334,7.0,6.0,7.0,7.0,6.0,7.0,7.0,2.5714285714285716,4,7,7
568,14.0,7.0,6.0,7.0,7.0,6.0,7.0,7.0,2.4285714285714284,4,3,7
569,13.80952380952381,6.0,7.0,6.0,7.0,6.0,7.0,6.0,2.5714285714285716,4,3,7
570,9.904761904761905,5.0,6.0,6.0,5.0,6.0,6.0,5.0,2.5714285714285716,4,4,7
571,13.333333333333334,6.0,7.0,6.0,6.0,7.0,6.0,6.0,1.7142857142857142,4,2,7
572,14.666666666666666,7.0,6.0,7.0,7.0,6.0,7.0,7.0,2.4285714285714284,4,4,7
573,13.047619047619047,7.0,7.0,7.0,7.0,7.0,7.0,7.0,2.4285714285714284,4,5,7
574,14.0,6.0,7.0,6.0,7.0,7.0,7.0,6.0,2.4285714285714284,4,3,7
575,12.761904761904763,7.0,7.0,7.0,6.0,7.0,6.0,7.0,2.4285714285714284,4,2,7
576,17.428571428571427,7.0,6.0,7.0,7.0,6.0,7.0,7.0,3.0,4,5,7
577,13.904761904761905,6.0,6.0,7.0,6.0,6.0,7.0,6.0,1.7142857142857142,4,2,7
578,13.142857142857142,7.0,7.0,7.0,7.0,7.0,7.0,7.0,2.5714285714285716,4,2,7
579,14.095238095238095,7.0,6.0,7.0,7.0,6.0,7.0,7.0,2.142857142857143,4,1,7
580,14.380952380952381,6.0,7.0,6.0,7.0,6.0,7.0,6.0,2.7142857142857144,4,3,7
581,13.523809523809524,6.0,6.0,7.0,6.0,6.0,7.0,6.0,2.2857142857142856,4,2,7
582,15.333333333333334,7.0,6.0,7.0,6.0,6.0,6.0,7.0,2.142857142857143,4,4,7
583,15.714285714285714,7.0,6.0,7.0,7.0,6.0,7.0,7.0,2.0,4,3,7
584,11.047619047619047,6.0,6.0,7.0,6.0,6.0,7.0,6.0,2.142857142857143,4,3,7
585,15.047619047619047,7.0,7.0,7.0,7.0,7.0,7.0,7.0,1.8571428571428572,4,3,7
586,13.80952380952381,6.0,6.0,6.0,6.0,6.0,6.0,6.0,2.857142857142857,4,5,7
587,14.857142857142858,7.0,7.0,7.0,7.0,7.0,7.0,7.0,2.7142857142857144,4,4,7
588,15.428571428571429,7.0,6.0,7.0,7.0,6.0,7.0,7.0,2.4285714285714284,4,3,7
589,16.19047619047619,7.0,7.0,6.0,7.0,7.0,7.0,7.0,2.4285714285714284,4,3,7
590,18.285714285714285,7.0,6.0,7.0,7.0,6.0,7.0,7.0,2.0,4,2,7
591,14.285714285714286,6.0,6.0,7.0,6.0,6.0,7.0,6.0,2.857142857142857,4,4,7
592,11.238095238095237,5.0,6.0,6.0,6.0,5.0,7.0,5.0,3.142857142857143,4,1,7
593,16.0,7.0,6.0,7.0,7.0,6.0,7.0,7.0,2.4285714285714284,4,3,7
594,15.238095238095237,6.0,7.0,6.0,7.0,6.0,7.0,6.0,2.5714285714285716,4,5,7
595,16.952380952380953,7.0,7.0,7.0,7.0,7.0,7.0,7.0,2.857142857142857,4,3,7
596,18.38095238095238,7.0,6.0,7.0,7.0,6.0,7.0,7.0,2.857142857142857,4,5,7
597,18.285714285714285,7.0,7.0,7.0,7.0,7.0,7.0,7.0,2.4285714285714284,4,5,7
598,11.428571428571429,5.0,7.0,6.0,5.0,7.0,6.0,5.0,2.7142857142857144,4,4,7
599,15.142857142857142,7.0,7.0,7.0,7.0,7.0,7.0,7.0,2.857142857142857,4,4,7
600,13.238095238095237,6.0,7.0,6.0,6.0,7.0,6.0,6.0,2.857142857142857,4,5,7
601,16.0,7.0,7.0,7.0,7.0,7.0,7.0,7.0,2.2857142857142856,4,3,7
602,18.571428571428573,7.0,7.0,7.0,7.0,7.0,7.0,7.0,2.857142857142857,4,6,7
603,14.761904761904763,6.0,6.0,7.0,6.0,6.0,7.0,6.0,2.2857142857142856,4,4,7
604,18.857142857142858,7.0,7.0,7.0,7.0,7.0,7.0,7.0,1.7142857142857142,4,3,7
605,12.666666666666666,6.0,7.0,6.0,7.0,7.0,7.0,6.0,2.4285714285714284,4,3,7
606,19.238095238095237,7.0,7.0,7.0,7.0,7.0,7.0,7.0,2.4285714285714284,4,4,7
607,13.238095238095237,7.0,7.0,7.0,7.0,7.0,7.0,7.0,2.5714285714285716,4,2,7
608,10.476190476190476,6.0,6.0,7.0,6.0,6.0,7.0,6.0,2.0,4,2,7
609,13.904761904761905,7.0,5.0,7.0,6.0,6.0,6.0,7.0,2.5714285714285716,4,3,7
610,17.142857142857142,7.0,7.0,7.0,7.0,7.0,7.0,7.0,2.2857142857142856,4,5,7
611,12.761904761904763,6.0,7.0,6.0,7.0,6.0,7.0,6.0,2.4285714285714284,4,4,7
612,17.333333333333332,7.0,6.0,7.0,7.0,6.0,7.0,7.0,2.5714285714285716,4,4,7
613,12.19047619047619,6.0,7.0,7.0,7.0,6.0,7.0,6.0,2.4285714285714284,4,4,7
614,10.285714285714286,6.0,7.0,6.0,7.0,6.0,7.0,6.0,2.2857142857142856,4,2,7
615,13.714285714285714,7.0,7.0,6.0,7.0,7.0,6.0,7.0,2.4285714285714284,4,2,7
616,12.761904761904763,7.0,7.0,6.0,7.0,7.0,7.0,7.0,3.0,4,2,7
617,17.047619047619047,7.0,7.0,6.0,7.0,6.0,7.0,7.0,2.4285714285714284,4,3,7
618,16.38095238095238,7.0,7.0,6.0,7.0,7.0,6.0,7.0,2.4285714285714284,4,4,7
619,15.333333333333334,7.0,7.0,7.0,7.0,7.0,7.0,7.0,2.142857142857143,4,6,7
620,16.095238095238095,6.0,6.0,7.0,6.0,6.0,7.0,6.0,2.142857142857143,4,4,7
621,15.523809523809524,6.0,7.0,6.0,7.0,6.0,7.0,6.0,2.4285714285714284,4,2,7
622,15.714285714285714,7.0,7.0,7.0,6.0,7.0,6.0,7.0,2.2857142857142856,4,4,7
623,13.619047619047619,6.0,7.0,6.0,7.0,7.0,7.0,6.0,2.4285714285714284,4,4,7
624,12.380952380952381,7.0,6.0,7.0,7.0,6.0,7.0,7.0,2.0,4,2,7
625,16.666666666666668,7.0,7.0,7.0,7.0,7.0,7.0,7.0,2.142857142857143,4,5,7
626,12.952380952380953,6.0,6.0,6.0,7.0,5.0,7.0,6.0,2.142857142857143,4,2,7
627,14.952380952380953,7.0,7.0,7.0,6.0,7.0,6.0,7.0,2.142857142857143,4,3,7
628,10.0,6.0,6.0,6.0,6.0,6.0,6.0,6.0,2.0,4,1,7
629,16.19047619047619,7.0,6.0,7.0,7.0,6.0,7.0,7.0,2.5714285714285716,4,4,7
630,16.095238095238095,7.0,7.0,7.0,6.0,7.0,6.0,7.0,1.8571428571428572,4,4,7
631,16.285714285714285,7.0,6.0,7.0,7.0,6.0,7.0,7.0,2.2857142857142856,4,4,7
632,13.428571428571429,6.0,7.0,6.0,6.0,7.0,6.0,6.0,3.0,4,6,7
633,13.523809523809524,7.0,7.0,7.0,7.0,7.0,7.0,7.0,1.7142857142857142,4,4,7
634,15.714285714285714,7.0,6.0,7.0,6.0,7.0,6.0,7.0,2.2857142857142856,4,5,7
635,13.904761904761905,6.0,7.0,6.0,7.0,6.0,7.0,6.0,2.7142857142857144,4,2,7
636,16.476190476190474,7.0,7.0,7.0,7.0,7.0,7.0,7.0,2.5714285714285716,4,5,7
637,15.428571428571429,6.0,7.0,6.0,7.0,7.0,7.0,6.0,2.857142857142857,4,4,7
638,12.952380952380953,7.0,7.0,7.0,7.0,7.0,7.0,7.0,2.142857142857143,4,3,7
639,14.285714285714286,6.0,6.0,6.0,6.0,6.0,6.0,6.0,2.4285714285714284,4,4,7
640,15.428571428571429,7.0,6.0,7.0,7.0,6.0,7.0,7.0,2.2857142857142856,4,3,7
641,6.857142857142857,5.0,5.0,6.0,5.0,5.0,6.0,5.0,2.7142857142857144,4,1,7
642,15.428571428571429,6.0,7.0,6.0,7.0,7.0,7.0,6.0,3.0,4,4,7
643,18.38095238095238,7.0,6.0,7.0,7.0,6.0,7.0,7.0,2.4285714285714284,4,5,7
644,16.952380952380953,6.0,6.0,6.0,6.0,6.0,6.0,6.0,2.4285714285714284,4,4,7
645,15.333333333333334,7.0,7.0,7.0,7.0,7.0,7.0,7.0,2.857142857142857,4,4,7
646,16.952380952380953,7.0,7.0,7.0,7.0,7.0,7.0,7.0,2.7142857142857144,4,5,7
647,13.80952380952381,6.0,7.0,6.0,7.0,6.0,7.0,6.0,2.7142857142857144,4,3,7
648,13.238095238095237,6.0,6.0,6.0,6.0,6.0,6.0,6.0,2.857142857142857,4,4,7
649,10.761904761904763,6.0,6.0,6.0,7.0,6.0,7.0,6.0,1.5714285714285714,4,1,7
650,19.80952380952381,7.0,7.0,7.0,7.0,7.0,7.0,7.0,2.5714285714285716,4,4,7
651,12.857142857142858,6.0,6.0,7.0,6.0,6.0,7.0,6.0,2.2857142857142856,4,2,7
652,11.904761904761905,7.0,7.0,7.0,7.0,7.0,7.0,7.0,2.5714285714285716,4,5,7
653,13.238095238095237,6.0,7.0,6.0,7.0,6.0,7.0,6.0,2.142857142857143,4,4,7
654,15.523809523809524,7.0,6.0,7.0,7.0,6.0,7.0,7.0,2.5714285714285716,4,2,7
655,16.38095238095238,6.0,7.0,6.0,7.0,7.0,7.0,6.0,2.2857142857142856,4,4,7
656,12.19047619047619,6.0,6.0,7.0,6.0,6.0,7.0,6.0,1.5714285714285714,4,4,7
657,17.61904761904762,7.0,6.0,7.0,7.0,6.0,7.0,7.0,2.142857142857143,4,3,7
658,18.38095238095238,7.0,7.0,7.0,7.0,7.0,7.0,7.0,2.0,4,6,7
659,11.238095238095237,5.0,6.0,6.0,6.0,6.0,7.0,5.0,2.4285714285714284,4,3,7
660,17.61904761904762,7.0,7.0,7.0,7.0,7.0,7.0,7.0,2.5714285714285716,4,6,7
661,16.285714285714285,6.0,7.0,6.0,6.0,7.0,6.0,6.0,3.142857142857143,4,4,7
662,15.238095238095237,7.0,6.0,7.0,6.0,7.0,6.0,7.0,2.2857142857142856,4,5,7
663,13.142857142857142,7.0,6.0,7.0,7.0,6.0,7.0,7.0,2.4285714285714284,4,5,7
664,13.333333333333334,6.0,7.0,6.0,6.0,7.0,6.0,6.0,2.4285714285714284,4,3,7
665,12.19047619047619,6.0,6.0,6.0,6.0,6.0,6.0,6.0,2.5714285714285716,4,1,7
666,14.476190476190476,7.0,7.0,7.0,7.0,7.0,7.0,7.0,2.4285714285714284,4,3,7
667,12.0,6.0,6.0,7.0,6.0,6.0,7.0,6.0,2.2857142857142856,4,5,7
668,13.904761904761905,6.0,7.0,7.0,7.0,6.0,7.0,6.0,2.0,4,3,7
669,14.666666666666666,7.0,6.0,7.0,6.0,7.0,7.0,7.0,2.7142857142857144,4,1,7
670,16.761904761904763,7.0,6.0,7.0,7.0,6.0,7.0,7.0,2.5714285714285716,4,3,7
671,12.666666666666666,7.0,5.0,7.0,6.0,6.0,6.0,7.0,2.142857142857143,4,4,7
672,16.285714285714285,7.0,7.0,7.0,7.0,7.0,7.0,7.0,2.5714285714285716,4,4,7
673,15.523809523809524,7.0,6.0,7.0,7.0,6.0,7.0,7.0,2.7142857142857144,4,4,7
674,14.095238095238095,6.0,7.0,6.0,7.0,7.0,7.0,6.0,2.4285714285714284,4,2,7
675,16.761904761904763,7.0,7.0,7.0,7.0,7.0,7.0,7.0,2.142857142857143,4,5,7
676,19.61904761904762,7.0,7.0,7.0,7.0,7.0,7.0,7.0,2.2857142857142856,4,3,7
677,14.095238095238095,7.0,6.0,7.0,6.0,7.0,6.0,7.0,2.5714285714285716,4,4,7
678,15.619047619047619,7.0,7.0,7.0,7.0,7.0,7.0,7.0,2.7142857142857144,4,4,7
679,13.714285714285714,6.0,6.0,6.0,6.0,6.0,6.0,6.0,2.5714285714285716,4,5,7
680,14.476190476190476,7.0,6.0,7.0,6.0,6.0,6.0,7.0,2.0,4,3,7
681,14.285714285714286,7.0,7.0,7.0,7.0,7.0,7.0,7.0,2.857142857142857,4,4,7
682,13.047619047619047,6.0,6.0,6.0,6.0,6.0,6.0,6.0,2.2857142857142856,4,3,7
683,11.047619047619047,6.0,6.0,7.0,6.0,6.0,7.0,6.0,2.2857142857142856,4,5,7
684,19.80952380952381,7.0,7.0,7.0,7.0,7.0,7.0,7.0,2.4285714285714284,4,2,7
685,14.0,6.0,7.0,6.0,6.0,7.0,6.0,6.0,2.857142857142857,4,4,7
686,17.047619047619047,7.0,6.0,7.0,7.0,6.0,7.0,7.0,2.5714285714285716,4,2,7
687,16.19047619047619,7.0,6.0,7.0,7.0,6.0,7.0,7.0,2.2857142857142856,4,5,7
688,14.666666666666666,7.0,7.0,7.0,7.0,7.0,7.0,7.0,2.5714285714285716,4,4,7
689,9.714285714285714,6.0,6.0,6.0,6.0,6.0,6.0,6.0,2.5714285714285716,4,2,7
690,15.142857142857142,7.0,6.0,7.0,6.0,6.0,7.0,7.0,2.5714285714285716,4,4,7
691,14.19047619047619,6.0,7.0,6.0,6.0,7.0,6.0,6.0,2.0,4,3,7
692,16.285714285714285,6.0,7.0,7.0,6.0,7.0,7.0,6.0,2.142857142857143,4,5,7
693,14.952380952380953,7.0,7.0,7.0,7.0,7.0,6.0,7.0,2.857142857142857,4,3,7
694,13.428571428571429,6.0,6.0,7.0,6.0,6.0,7.0,6.0,2.0,4,2,7
695,14.857142857142858,6.0,7.0,6.0,6.0,7.0,6.0,6.0,2.4285714285714284,4,3,7
696,15.80952380952381,7.0,6.0,7.0,7.0,6.0,7.0,7.0,3.0,4,5,7
697,18.857142857142858,7.0,7.0,7.0,7.0,7.0,7.0,7.0,2.0,4,6,7
698,13.428571428571429,6.0,6.0,7.0,6.0,6.0,6.0,6.0,2.142857142857143,4,1,7
699,13.619047619047619,6.0,6.0,7.0,6.0,6.0,7.0,6.0,2.142857142857143,4,3,7
700,18.952380952380953,7.0,7.0,7.0,7.0,7.0,7.0,7.0,2.142857142857143,4,4,7
701,14.952380952380953,6.0,6.0,6.0,7.0,6.0,7.0,6.0,2.4285714285714284,4,3,7
702,10.857142857142858,6.0,7.0,6.0,7.0,6.0,7.0,6.0,2.142857142857143,4,3,7
703,17.238095238095237,7.0,7.0,7.0,7.0,7.0,7.0,7.0,2.5714285714285716,4,5,7
704,16.0,7.0,6.0,7.0,7.0,6.0,7.0,7.0,2.2857142857142856,4,5,7
705,14.095238095238095,6.0,6.0,7.0,6.0,6.0,7.0,6.0,2.4285714285714284,4,2,7
706,15.142857142857142,7.0,6.0,7.0,7.0,7.0,7.0,7.0,2.4285714285714284,4,2,7
707,10.857142857142858,6.0,6.0,6.0,6.0,6.0,6.0,6.0,2.857142857142857,4,4,7
708,16.0,7.0,6.0,7.0,7.0,6.0,7.0,7.0,2.4285714285714284,4,5,7
709,19.904761904761905,7.0,7.0,7.0,7.0,7.0,7.0,7.0,3.0,4,6,7
710,14.952380952380953,6.0,6.0,7.0,6.0,6.0,6.0,6.0,2.2857142857142856,4,3,7
711,10.285714285714286,6.0,6.0,7.0,6.0,6.0,7.0,6.0,2.2857142857142856,4,2,7
712,16.952380952380953,7.0,7.0,7.0,7.0,7.0,6.0,7.0,2.7142857142857144,4,5,7
713,13.142857142857142,6.0,6.0,7.0,6.0,6.0,7.0,6.0,2.4285714285714284,4,5,7
714,13.238095238095237,6.0,7.0,6.0,6.0,7.0,6.0,6.0,2.0,4,1,7
715,12.666666666666666,7.0,7.0,7.0,7.0,7.0,7.0,7.0,2.4285714285714284,4,5,7
716,11.047619047619047,6.0,6.0,6.0,6.0,6.0,6.0,6.0,2.2857142857142856,4,1,7
717,14.761904761904763,6.0,6.0,7.0,6.0,6.0,7.0,6.0,2.7142857142857144,4,2,7
718,12.666666666666666,5.0,6.0,6.0,6.0,6.0,7.0,5.0,2.142857142857143,4,2,7
719,15.238095238095237,7.0,6.0,7.0,7.0,6.0,7.0,7.0,2.7142857142857144,4,6,7
720,17.714285714285715,7.0,6.0,7.0,7.0,6.0,7.0,7.0,2.4285714285714284,4,4,7
721,18.666666666666668,7.0,7.0,7.0,7.0,7.0,7.0,7.0,1.7142857142857142,4,6,7
722,13.428571428571429,6.0,5.0,7.0,5.0,6.0,6.0,6.0,2.2857142857142856,4,4,7
723,16.285714285714285,7.0,6.0,7.0,7.0,6.0,7.0,7.0,3.0,4,4,7
724,16.19047619047619,7.0,7.0,7.0,7.0,7.0,7.0,7.0,2.5714285714285716,4,5,7
725,15.142857142857142,7.0,7.0,7.0,7.0,7.0,7.0,7.0,2.5714285714285716,4,3,7
726,14.666666666666666,6.0,6.0,7.0,6.0,6.0,7.0,6.0,2.142857142857143,4,3,7
727,12.380952380952381,7.0,6.0,7.0,6.0,7.0,6.0,7.0,2.7142857142857144,4,3,7
728,8.952380952380953,6.0,6.0,6.0,6.0,6.0,6.0,6.0,3.0,4,3,7
729,13.238095238095237,6.0,7.0,6.0,6.0,7.0,6.0,6.0,2.4285714285714284,4,4,7
730,14.857142857142858,6.0,6.0,6.0,7.0,5.0,7.0,6.0,2.7142857142857144,4,4,7
731,8.380952380952381,6.0,6.0,6.0,6.0,6.0,6.0,6.0,2.142857142857143,4,2,7
732,15.428571428571429,7.0,6.0,7.0,6.0,6.0,6.0,7.0,2.0,4,3,7
733,18.0,7.0,7.0,7.0,7.0,7.0,7.0,7.0,2.7142857142857144,4,5,7
734,12.095238095238095,7.0,5.0,7.0,6.0,6.0,6.0,7.0,2.4285714285714284,4,6,7
735,19.238095238095237,7.0,7.0,7.0,7.0,7.0,7.0,7.0,2.142857142857143,4,5,7
736,14.380952380952381,7.0,7.0,7.0,7.0,7.0,7.0,7.0,2.5714285714285716,4,4,7
737,13.80952380952381,6.0,6.0,6.0,6.0,6.0,6.0,6.0,2.5714285714285716,4,2,7
738,8.666666666666666,6.0,6.0,6.0,6.0,6.0,6.0,6.0,2.2857142857142856,4,4,7
739,15.714285714285714,7.0,7.0,7.0,7.0,7.0,7.0,7.0,2.142857142857143,4,4,7
740,14.761904761904763,7.0,6.0,7.0,7.0,6.0,7.0,7.0,3.142857142857143,4,3,7
741,12.761904761904763,6.0,7.0,6.0,7.0,6.0,7.0,6.0,2.7142857142857144,4,4,7
742,7.619047619047619,6.0,7.0,6.0,7.0,6.0,7.0,6.0,2.0,4,1,7
743,10.19047619047619,6.0,6.0,7.0,5.0,6.0,6.0,6.0,2.7142857142857144,4,4,7
744,15.333333333333334,6.0,7.0,6.0,7.0,7.0,7.0,6.0,2.5714285714285716,4,4,7
745,17.904761904761905,7.0,6.0,7.0,7.0,6.0,7.0,7.0,2.0,4,1,7
746,12.19047619047619,7.0,7.0,7.0,7.0,7.0,7.0,7.0,2.7142857142857144,4,4,7
747,12.761904761904763,7.0,7.0,6.0,7.0,6.0,7.0,7.0,1.8571428571428572,4,2,7
748,10.857142857142858,6.0,6.0,6.0,6.0,6.0,6.0,6.0,2.142857142857143,4,2,7
749,14.476190476190476,6.0,6.0,7.0,6.0,6.0,7.0,6.0,2.142857142857143,4,4,7
750,17.238095238095237,6.0,6.0,7.0,7.0,6.0,7.0,6.0,2.5714285714285716,4,3,7
751,9.047619047619047,7.0,5.0,7.0,6.0,6.0,6.0,7.0,2.0,4,4,7
752,12.857142857142858,7.0,7.0,7.0,7.0,7.0,7.0,7.0,2.2857142857142856,4,4,7
753,14.285714285714286,7.0,6.0,7.0,7.0,6.0,7.0,7.0,1.8571428571428572,4,3,7
754,15.238095238095237,6.0,6.0,7.0,6.0,6.0,7.0,6.0,2.4285714285714284,4,5,7
755,8.285714285714286,6.0,6.0,6.0,7.0,6.0,7.0,6.0,2.142857142857143,4,1,7
756,13.714285714285714,6.0,7.0,6.0,6.0,7.0,6.0,6.0,2.142857142857143,4,1,7
757,13.80952380952381,6.0,7.0,6.0,7.0,6.0,7.0,6.0,2.7142857142857144,4,3,7
758,13.904761904761905,7.0,7.0,6.0,7.0,6.0,7.0,7.0,2.4285714285714284,4,2,7
759,15.428571428571429,7.0,7.0,7.0,7.0,7.0,7.0,7.0,2.142857142857143,4,3,7
760,15.333333333333334,6.0,6.0,7.0,5.0,6.0,6.0,6.0,2.7142857142857144,4,4,7
761,10.666666666666666,7.0,5.0,6.0,6.0,6.0,6.0,7.0,2.5714285714285716,4,3,7
762,12.476190476190476,6.0,6.0,6.0,6.0,6.0,6.0,6.0,3.0,4,4,7
763,11.619047619047619,6.0,6.0,6.0,7.0,5.0,7.0,6.0,2.7142857142857144,4,2,7
764,14.857142857142858,7.0,6.0,7.0,7.0,6.0,7.0,7.0,2.2857142857142856,4,3,7
765,17.714285714285715,7.0,7.0,7.0,7.0,7.0,7.0,7.0,1.7142857142857142,4,2,7
766,11.714285714285714,7.0,7.0,7.0,7.0,7.0,7.0,7.0,2.2857142857142856,4,5,7
767,16.38095238095238,7.0,7.0,7.0,7.0,7.0,7.0,7.0,2.5714285714285716,4,6,7
768,13.714285714285714,6.0,7.0,6.0,7.0,6.0,7.0,6.0,2.2857142857142856,4,2,7
769,16.476190476190474,7.0,6.0,6.0,7.0,6.0,6.0,7.0,2.4285714285714284,4,4,7
770,14.476190476190476,7.0,6.0,7.0,7.0,6.0,7.0,7.0,2.7142857142857144,4,5,7
771,16.952380952380953,7.0,7.0,7.0,6.0,7.0,7.0,7.0,2.2857142857142856,4,1,7
772,14.857142857142858,6.0,6.0,7.0,6.0,6.0,7.0,6.0,2.4285714285714284,4,2,7
773,16.476190476190474,7.0,7.0,7.0,7.0,7.0,7.0,7.0,2.5714285714285716,4,5,7
774,10.952380952380953,6.0,6.0,6.0,6.0,6.0,6.0,6.0,2.857142857142857,4,4,7
775,10.761904761904763,6.0,6.0,7.0,6.0,6.0,6.0,6.0,2.5714285714285716,4,3,7
776,19.333333333333332,7.0,7.0,7.0,7.0,7.0,7.0,7.0,2.142857142857143,4,5,7
777,8.571428571428571,6.0,6.0,6.0,6.0,6.0,6.0,6.0,2.7142857142857144,4,3,7
778,17.80952380952381,7.0,6.0,7.0,7.0,6.0,7.0,7.0,2.5714285714285716,4,4,7
779,15.333333333333334,7.0,7.0,7.0,7.0,7.0,7.0,7.0,2.142857142857143,4,3,7
780,13.714285714285714,7.0,5.0,7.0,6.0,6.0,6.0,7.0,2.857142857142857,4,5,7
781,13.047619047619047,6.0,6.0,7.0,6.0,6.0,7.0,6.0,2.142857142857143,4,2,7
782,10.952380952380953,6.0,5.0,6.0,6.0,5.0,6.0,6.0,2.5714285714285716,4,5,7
783,11.904761904761905,6.0,7.0,6.0,6.0,7.0,6.0,6.0,2.857142857142857,4,3,7
784,14.857142857142858,7.0,7.0,7.0,7.0,7.0,6.0,7.0,2.5714285714285716,4,3,7
785,17.523809523809526,7.0,6.0,6.0,7.0,5.0,7.0,7.0,2.4285714285714284,4,2,7
786,13.80952380952381,7.0,5.0,7.0,6.0,6.0,6.0,7.0,2.0,4,3,7
787,14.285714285714286,7.0,6.0,7.0,7.0,6.0,7.0,7.0,2.2857142857142856,4,2,7
788,16.095238095238095,7.0,6.0,7.0,6.0,6.0,6.0,7.0,2.142857142857143,4,4,7
789,14.857142857142858,7.0,7.0,7.0,7.0,7.0,7.0,7.0,2.0,4,3,7
790,15.142857142857142,7.0,7.0,7.0,7.0,7.0,7.0,7.0,2.7142857142857144,4,7,7
791,16.19047619047619,7.0,7.0,7.0,7.0,7.0,7.0,7.0,2.142857142857143,4,4,7
792,16.571428571428573,7.0,7.0,6.0,7.0,7.0,6.0,7.0,2.2857142857142856,4,2,7
793,15.142857142857142,6.0,6.0,7.0,6.0,6.0,7.0,6.0,2.2857142857142856,4,5,7
794,17.238095238095237,7.0,7.0,7.0,7.0,7.0,7.0,7.0,2.857142857142857,4,5,7
795,16.0,7.0,7.0,6.0,7.0,7.0,6.0,7.0,2.7142857142857144,4,3,7
796,14.857142857142858,6.0,7.0,6.0,7.0,6.0,7.0,6.0,2.857142857142857,4,7,7
797,17.333333333333332,7.0,7.0,7.0,7.0,7.0,7.0,7.0,2.4285714285714284,4,4,7
798,14.571428571428571,7.0,6.0,7.0,7.0,6.0,7.0,7.0,2.7142857142857144,4,3,7
799,15.428571428571429,6.0,6.0,7.0,6.0,6.0,7.0,6.0,2.2857142857142856,4,3,7
800,19.428571428571427,7.0,7.0,7.0,7.0,7.0,7.0,7.0,2.0,4,4,7
801,17.523809523809526,7.0,7.0,7.0,7.0,7.0,7.0,7.0,2.4285714285714284,4,5,7
802,14.952380952380953,6.0,6.0,7.0,6.0,6.0,7.0,6.0,2.5714285714285716,4,4,7
803,15.523809523809524,6.0,7.0,7.0,7.0,6.0,7.0,6.0,2.2857142857142856,4,6,7
804,15.142857142857142,6.0,7.0,6.0,7.0,6.0,7.0,6.0,2.2857142857142856,4,2,7
805,10.380952380952381,7.0,6.0,6.0,7.0,5.0,7.0,7.0,1.7142857142857142,4,1,7
806,13.714285714285714,6.0,7.0,7.0,7.0,6.0,7.0,6.0,2.2857142857142856,4,3,7
807,20.761904761904763,7.0,7.0,7.0,7.0,7.0,7.0,7.0,2.5714285714285716,4,5,7
808,13.142857142857142,6.0,6.0,6.0,6.0,5.0,7.0,6.0,1.8571428571428572,4,1,7
809,14.476190476190476,7.0,7.0,7.0,7.0,7.0,7.0,7.0,2.0,4,4,7
810,12.952380952380953,6.0,6.0,6.0,6.0,6.0,6.0,6.0,2.2857142857142856,4,2,7
811,17.523809523809526,7.0,7.0,7.0,7.0,7.0,7.0,7.0,2.0,4,4,7
812,9.523809523809524,6.0,6.0,7.0,5.0,6.0,6.0,6.0,2.142857142857143,4,1,7
813,11.80952380952381,6.0,6.0,7.0,6.0,6.0,7.0,6.0,3.0,4,5,7
814,16.285714285714285,7.0,7.0,7.0,7.0,7.0,7.0,7.0,2.7142857142857144,4,4,7
815,10.666666666666666,6.0,6.0,6.0,5.0,7.0,6.0,6.0,2.2857142857142856,4,0,7
816,12.285714285714286,7.0,5.0,7.0,6.0,6.0,6.0,7.0,2.5714285714285716,4,4,7
817,15.619047619047619,7.0,6.0,7.0,6.0,7.0,7.0,7.0,2.0,4,3,7
818,16.19047619047619,7.0,6.0,7.0,7.0,6.0,7.0,7.0,2.2857142857142856,4,5,7
819,12.761904761904763,6.0,7.0,7.0,7.0,6.0,7.0,6.0,2.0,4,4,7
820,14.761904761904763,7.0,7.0,7.0,7.0,7.0,7.0,7.0,2.0,4,2,7
821,14.380952380952381,6.0,7.0,6.0,7.0,6.0,7.0,6.0,2.5714285714285716,4,2,7
822,18.571428571428573,7.0,7.0,7.0,7.0,7.0,7.0,7.0,2.7142857142857144,4,5,7
823,12.952380952380953,6.0,7.0,6.0,6.0,7.0,6.0,6.0,2.0,4,2,7
824,15.333333333333334,6.0,6.0,7.0,6.0,6.0,7.0,6.0,2.142857142857143,4,3,7
825,14.476190476190476,6.0,6.0,7.0,6.0,6.0,7.0,6.0,2.0,4,2,7
826,15.714285714285714,7.0,7.0,6.0,7.0,6.0,7.0,7.0,2.4285714285714284,4,4,7
827,15.714285714285714,7.0,6.0,7.0,7.0,6.0,7.0,7.0,1.7142857142857142,4,5,7
828,16.857142857142858,7.0,6.0,7.0,7.0,6.0,7.0,7.0,2.7142857142857144,4,4,7
829,10.857142857142858,6.0,6.0,6.0,6.0,6.0,6.0,6.0,2.857142857142857,4,5,7
830,17.047619047619047,7.0,7.0,7.0,7.0,7.0,7.0,7.0,2.2857142857142856,4,3,7
831,9.142857142857142,6.0,6.0,6.0,6.0,6.0,6.0,6.0,2.2857142857142856,4,3,7
832,16.952380952380953,7.0,6.0,7.0,7.0,6.0,7.0,7.0,2.142857142857143,4,5,7
833,16.666666666666668,7.0,6.0,7.0,7.0,7.0,6.0,7.0,2.2857142857142856,4,3,7
834,12.952380952380953,6.0,6.0,6.0,6.0,6.0,6.0,6.0,2.0,4,0,7
835,15.333333333333334,7.0,7.0,7.0,7.0,7.0,7.0,7.0,2.4285714285714284,4,4,7
836,15.142857142857142,6.0,7.0,6.0,6.0,7.0,6.0,6.0,2.7142857142857144,4,2,7
837,14.0,7.0,6.0,7.0,7.0,6.0,7.0,7.0,2.142857142857143,4,5,7
838,18.19047619047619,7.0,7.0,7.0,7.0,7.0,7.0,7.0,1.8571428571428572,4,4,7
839,16.19047619047619,7.0,6.0,7.0,6.0,7.0,6.0,7.0,2.5714285714285716,4,3,7
840,15.619047619047619,7.0,7.0,7.0,7.0,6.0,7.0,7.0,2.142857142857143,4,4,7
841,11.714285714285714,6.0,6.0,6.0,6.0,6.0,6.0,6.0,2.7142857142857144,4,3,7
842,12.571428571428571,7.0,6.0,7.0,6.0,7.0,6.0,7.0,3.0,4,6,7
843,14.476190476190476,7.0,7.0,7.0,7.0,7.0,7.0,7.0,2.4285714285714284,4,4,7
844,14.380952380952381,7.0,6.0,7.0,7.0,7.0,7.0,7.0,2.857142857142857,4,3,7
845,13.047619047619047,6.0,7.0,6.0,6.0,7.0,6.0,6.0,2.0,4,2,7
846,19.047619047619047,7.0,7.0,7.0,7.0,7.0,7.0,7.0,2.2857142857142856,4,4,7
847,16.38095238095238,7.0,7.0,7.0,7.0,7.0,7.0,7.0,2.2857142857142856,4,3,7
848,13.714285714285714,6.0,5.0,6.0,6.0,5.0,6.0,6.0,2.5714285714285716,4,4,7
849,9.904761904761905,6.0,6.0,6.0,6.0,6.0,6.0,6.0,2.5714285714285716,4,3,7
850,12.19047619047619,7.0,7.0,7.0,7.0,7.0,7.0,7.0,2.857142857142857,4,3,7
851,11.333333333333334,6.0,6.0,6.0,6.0,5.0,6.0,6.0,2.142857142857143,4,5,7
852,15.714285714285714,7.0,7.0,7.0,6.0,7.0,6.0,7.0,2.142857142857143,4,4,7
853,11.619047619047619,6.0,6.0,6.0,7.0,5.0,7.0,6.0,2.857142857142857,4,4,7
854,14.571428571428571,6.0,7.0,6.0,7.0,7.0,7.0,6.0,2.5714285714285716,4,4,7
855,16.38095238095238,6.0,7.0,6.0,7.0,6.0,7.0,6.0,2.5714285714285716,4,4,7
856,13.80952380952381,7.0,7.0,7.0,7.0,7.0,7.0,7.0,2.2857142857142856,4,5,7
857,14.095238095238095,6.0,7.0,6.0,7.0,7.0,7.0,6.0,2.7142857142857144,4,3,7
858,13.904761904761905,7.0,6.0,7.0,6.0,7.0,6.0,7.0,2.5714285714285716,4,2,7
859,14.476190476190476,6.0,6.0,7.0,6.0,6.0,7.0,6.0,2.0,4,1,7
860,11.80952380952381,7.0,6.0,7.0,7.0,6.0,6.0,7.0,1.8571428571428572,4,5,7
861,14.095238095238095,5.0,6.0,6.0,6.0,6.0,7.0,5.0,2.142857142857143,4,4,7
862,15.142857142857142,7.0,7.0,7.0,7.0,7.0,7.0,7.0,2.857142857142857,4,5,7
863,14.571428571428571,7.0,7.0,7.0,7.0,7.0,7.0,7.0,2.4285714285714284,4,4,7
864,13.904761904761905,7.0,7.0,7.0,7.0,7.0,7.0,7.0,1.8571428571428572,4,3,7
865,17.80952380952381,7.0,7.0,6.0,7.0,7.0,6.0,7.0,1.7142857142857142,4,4,7
866,13.80952380952381,7.0,7.0,7.0,7.0,6.0,7.0,7.0,2.2857142857142856,4,2,7
867,18.095238095238095,7.0,6.0,7.0,7.0,6.0,7.0,7.0,2.4285714285714284,4,3,7
868,12.476190476190476,6.0,6.0,6.0,6.0,6.0,6.0,6.0,2.857142857142857,4,2,7
869,15.619047619047619,7.0,6.0,7.0,7.0,6.0,7.0,7.0,2.4285714285714284,4,3,7
870,14.285714285714286,7.0,7.0,7.0,7.0,7.0,7.0,7.0,2.0,4,3,7
871,10.095238095238095,6.0,6.0,6.0,6.0,6.0,6.0,6.0,2.857142857142857,4,4,7
872,15.428571428571429,7.0,6.0,7.0,7.0,6.0,7.0,7.0,2.2857142857142856,4,5,7
873,16.857142857142858,7.0,6.0,7.0,7.0,6.0,7.0,7.0,2.7142857142857144,4,2,7
874,13.428571428571429,6.0,6.0,6.0,6.0,6.0,6.0,6.0,3.0,4,5,7
875,15.904761904761905,7.0,7.0,7.0,7.0,7.0,7.0,7.0,2.4285714285714284,4,4,7
876,16.38095238095238,7.0,7.0,6.0,7.0,7.0,7.0,7.0,2.2857142857142856,4,2,7
877,15.238095238095237,7.0,6.0,7.0,6.0,7.0,7.0,7.0,2.0,4,4,7
878,14.761904761904763,7.0,7.0,7.0,7.0,7.0,7.0,7.0,2.4285714285714284,4,3,7
879,14.0,6.0,7.0,7.0,5.0,7.0,6.0,6.0,2.2857142857142856,4,4,7
880,15.904761904761905,7.0,7.0,7.0,7.0,7.0,7.0,7.0,3.0,4,3,7
881,13.333333333333334,7.0,7.0,7.0,6.0,7.0,6.0,7.0,2.4285714285714284,4,3,7
882,18.666666666666668,6.0,7.0,7.0,7.0,7.0,7.0,6.0,2.142857142857143,4,4,7
883,14.952380952380953,7.0,7.0,7.0,7.0,7.0,7.0,7.0,2.5714285714285716,4,4,7
884,13.523809523809524,6.0,7.0,6.0,6.0,7.0,6.0,6.0,2.5714285714285716,4,4,7
885,19.61904761904762,7.0,7.0,7.0,7.0,7.0,7.0,7.0,2.4285714285714284,4,5,7
886,16.0,7.0,7.0,7.0,7.0,7.0,7.0,7.0,2.5714285714285716,4,4,7
887,14.19047619047619,7.0,6.0,7.0,6.0,7.0,7.0,7.0,1.4285714285714286,4,3,7
888,15.523809523809524,6.0,7.0,7.0,6.0,7.0,7.0,6.0,2.4285714285714284,4,2,7
889,14.19047619047619,7.0,7.0,7.0,7.0,7.0,7.0,7.0,2.857142857142857,4,6,7
890,13.333333333333334,7.0,6.0,7.0,6.0,7.0,6.0,7.0,2.7142857142857144,4,4,7
891,15.523809523809524,6.0,7.0,6.0,6.0,7.0,6.0,6.0,3.2857142857142856,4,6,7
892,17.523809523809526,7.0,7.0,7.0,7.0,7.0,7.0,7.0,3.142857142857143,4,3,7
893,18.095238095238095,7.0,7.0,7.0,7.0,7.0,6.0,7.0,2.4285714285714284,4,3,7
894,14.761904761904763,7.0,6.0,7.0,7.0,6.0,7.0,7.0,2.5714285714285716,4,4,7
895,14.0,6.0,7.0,7.0,6.0,7.0,7.0,6.0,2.5714285714285716,4,2,7
896,19.428571428571427,7.0,7.0,7.0,7.0,7.0,7.0,7.0,2.2857142857142856,4,3,7
897,12.19047619047619,7.0,7.0,7.0,7.0,7.0,7.0,7.0,3.142857142857143,4,3,7
898,14.761904761904763,7.0,7.0,7.0,7.0,7.0,7.0,7.0,2.5714285714285716,4,4,7
899,13.619047619047619,7.0,6.0,7.0,7.0,6.0,7.0,7.0,2.2857142857142856,4,4,7
900,15.428571428571429,7.0,7.0,7.0,7.0,7.0,7.0,7.0,2.7142857142857144,4,5,7
901,13.714285714285714,7.0,6.0,6.0,7.0,6.0,6.0,7.0,3.142857142857143,4,3,7
902,12.857142857142858,6.0,6.0,7.0,6.0,6.0,7.0,6.0,2.5714285714285716,4,2,7
903,14.952380952380953,6.0,7.0,6.0,7.0,7.0,7.0,6.0,2.0,4,2,7
904,10.571428571428571,5.0,7.0,6.0,7.0,5.0,7.0,5.0,2.857142857142857,4,3,7
905,13.904761904761905,6.0,6.0,6.0,7.0,5.0,7.0,6.0,2.142857142857143,4,3,7
906,16.0,6.0,7.0,6.0,7.0,6.0,7.0,6.0,2.2857142857142856,4,5,7
907,17.142857142857142,7.0,7.0,7.0,7.0,7.0,7.0,7.0,2.0,4,3,7
908,15.904761904761905,6.0,7.0,6.0,7.0,7.0,7.0,6.0,2.4285714285714284,4,4,7
909,16.38095238095238,6.0,7.0,7.0,6.0,7.0,7.0,6.0,2.142857142857143,4,4,7
910,12.0,7.0,7.0,7.0,7.0,7.0,7.0,7.0,2.7142857142857144,4,4,7
911,15.238095238095237,6.0,7.0,6.0,6.0,7.0,6.0,6.0,2.4285714285714284,4,4,7
912,16.666666666666668,7.0,6.0,7.0,7.0,6.0,7.0,7.0,1.8571428571428572,4,6,7
913,18.952380952380953,7.0,7.0,7.0,7.0,7.0,7.0,7.0,2.2857142857142856,4,1,7
914,16.952380952380953,7.0,7.0,7.0,7.0,7.0,7.0,7.0,2.142857142857143,4,4,7
915,13.904761904761905,6.0,6.0,7.0,6.0,6.0,7.0,6.0,2.2857142857142856,4,3,7
916,18.761904761904763,7.0,7.0,7.0,7.0,7.0,7.0,7.0,2.2857142857142856,4,3,7
917,16.761904761904763,7.0,7.0,7.0,7.0,7.0,7.0,7.0,2.4285714285714284,4,5,7
918,15.80952380952381,7.0,7.0,7.0,7.0,7.0,7.0,7.0,2.4285714285714284,4,6,7
919,15.238095238095237,7.0,6.0,7.0,7.0,6.0,7.0,7.0,2.2857142857142856,4,4,7
920,14.19047619047619,6.0,6.0,7.0,6.0,6.0,7.0,6.0,2.142857142857143,4,3,7
921,17.238095238095237,7.0,7.0,7.0,7.0,7.0,7.0,7.0,2.7142857142857144,4,3,7
922,15.428571428571429,7.0,6.0,7.0,6.0,7.0,6.0,7.0,2.5714285714285716,4,5,7
923,12.857142857142858,6.0,7.0,7.0,7.0,6.0,7.0,6.0,2.2857142857142856,4,3,7
924,15.619047619047619,7.0,7.0,7.0,7.0,7.0,7.0,7.0,2.857142857142857,4,6,7
925,14.285714285714286,7.0,6.0,7.0,7.0,6.0,7.0,7.0,2.7142857142857144,4,4,7
926,10.571428571428571,5.0,7.0,6.0,5.0,7.0,6.0,5.0,2.2857142857142856,4,1,7
927,15.238095238095237,7.0,6.0,6.0,7.0,5.0,7.0,7.0,2.2857142857142856,4,2,7
928,16.666666666666668,7.0,6.0,7.0,7.0,7.0,7.0,7.0,2.2857142857142856,4,3,7
929,12.19047619047619,6.0,6.0,6.0,6.0,6.0,6.0,6.0,3.142857142857143,4,4,7
930,15.80952380952381,6.0,6.0,6.0,7.0,6.0,7.0,6.0,2.4285714285714284,4,3,7
931,16.0,7.0,7.0,7.0,7.0,7.0,7.0,7.0,2.4285714285714284,4,5,7
932,17.047619047619047,7.0,6.0,7.0,7.0,6.0,7.0,7.0,2.4285714285714284,4,2,7
933,15.428571428571429,7.0,7.0,7.0,6.0,7.0,6.0,7.0,2.4285714285714284,4,3,7
934,19.80952380952381,7.0,7.0,7.0,7.0,7.0,7.0,7.0,2.857142857142857,4,4,7
935,14.095238095238095,7.0,7.0,7.0,7.0,7.0,7.0,7.0,2.7142857142857144,4,5,7
936,11.333333333333334,6.0,6.0,7.0,6.0,6.0,7.0,6.0,2.142857142857143,4,5,7
937,16.19047619047619,7.0,6.0,7.0,7.0,6.0,7.0,7.0,2.4285714285714284,4,3,7
938,17.80952380952381,7.0,6.0,7.0,7.0,6.0,7.0,7.0,2.0,4,4,7
939,12.666666666666666,6.0,7.0,7.0,6.0,7.0,7.0,6.0,2.857142857142857,4,4,7
940,14.666666666666666,6.0,7.0,6.0,6.0,7.0,6.0,6.0,2.5714285714285716,4,3,7
941,13.904761904761905,7.0,6.0,7.0,6.0,7.0,6.0,7.0,2.142857142857143,4,4,7
942,16.19047619047619,7.0,7.0,7.0,7.0,7.0,7.0,7.0,2.5714285714285716,4,5,7
943,17.428571428571427,7.0,7.0,7.0,7.0,7.0,7.0,7.0,2.5714285714285716,4,5,7
944,12.666666666666666,7.0,7.0,7.0,7.0,7.0,7.0,7.0,2.142857142857143,4,3,7
945,15.80952380952381,6.0,6.0,7.0,6.0,6.0,7.0,6.0,2.4285714285714284,4,4,7
946,17.238095238095237,7.0,7.0,7.0,7.0,7.0,7.0,7.0,2.5714285714285716,4,5,7
947,20.285714285714285,7.0,7.0,7.0,7.0,7.0,7.0,7.0,2.7142857142857144,4,6,7
948,13.523809523809524,6.0,6.0,6.0,7.0,6.0,7.0,6.0,2.142857142857143,4,2,7
949,11.142857142857142,7.0,7.0,7.0,7.0,6.0,7.0,7.0,2.2857142857142856,4,3,7
950,16.095238095238095,7.0,7.0,7.0,7.0,7.0,7.0,7.0,2.0,4,6,7
951,18.38095238095238,7.0,7.0,7.0,7.0,7.0,7.0,7.0,2.2857142857142856,4,3,7
952,13.142857142857142,7.0,6.0,7.0,7.0,6.0,7.0,7.0,2.7142857142857144,4,2,7
953,16.476190476190474,7.0,7.0,7.0,7.0,7.0,7.0,7.0,2.0,4,4,7
954,17.80952380952381,7.0,6.0,7.0,7.0,6.0,7.0,7.0,2.142857142857143,4,5,7
955,15.904761904761905,6.0,6.0,6.0,7.0,6.0,7.0,6.0,2.2857142857142856,4,4,7
956,13.047619047619047,6.0,6.0,6.0,6.0,6.0,6.0,6.0,2.2857142857142856,4,2,7
957,13.428571428571429,7.0,6.0,7.0,6.0,7.0,6.0,7.0,2.2857142857142856,4,4,7
958,9.80952380952381,7.0,5.0,7.0,6.0,6.0,6.0,7.0,2.142857142857143,4,5,7
959,10.761904761904763,6.0,7.0,6.0,7.0,7.0,7.0,6.0,2.4285714285714284,4,3,7
960,17.142857142857142,7.0,7.0,7.0,7.0,7.0,7.0,7.0,2.2857142857142856,4,5,7
961,16.0,7.0,7.0,7.0,7.0,7.0,7.0,7.0,1.8571428571428572,4,4,7
962,14.380952380952381,7.0,7.0,7.0,7.0,7.0,7.0,7.0,2.142857142857143,4,5,7
963,17.714285714285715,7.0,7.0,7.0,7.0,7.0,7.0,7.0,3.0,4,7,7
964,12.666666666666666,6.0,7.0,6.0,7.0,7.0,7.0,6.0,2.4285714285714284,4,3,7
965,16.571428571428573,7.0,7.0,7.0,6.0,7.0,6.0,7.0,2.142857142857143,4,3,7
966,17.333333333333332,7.0,7.0,7.0,7.0,6.0,7.0,7.0,2.2857142857142856,4,4,7
967,13.428571428571429,6.0,7.0,6.0,6.0,7.0,6.0,6.0,2.5714285714285716,4,5,7
968,16.666666666666668,7.0,7.0,7.0,7.0,7.0,7.0,7.0,1.7142857142857142,4,5,7
969,17.904761904761905,6.0,7.0,6.0,7.0,7.0,7.0,6.0,2.2857142857142856,4,4,7
970,16.476190476190474,6.0,7.0,6.0,6.0,7.0,6.0,6.0,2.4285714285714284,4,4,7
971,19.142857142857142,7.0,7.0,7.0,7.0,7.0,7.0,7.0,2.5714285714285716,4,3,7
972,13.80952380952381,6.0,6.0,6.0,6.0,6.0,6.0,6.0,2.857142857142857,4,3,7
973,13.333333333333334,7.0,6.0,7.0,6.0,7.0,6.0,7.0,2.7142857142857144,4,4,7
974,13.142857142857142,7.0,6.0,7.0,7.0,6.0,7.0,7.0,2.2857142857142856,4,5,7
975,9.619047619047619,7.0,6.0,7.0,6.0,7.0,6.0,7.0,2.4285714285714284,4,6,7
976,16.761904761904763,7.0,6.0,7.0,7.0,6.0,7.0,7.0,2.4285714285714284,4,4,7
977,16.476190476190474,7.0,7.0,7.0,7.0,7.0,7.0,7.0,2.2857142857142856,4,5,7
978,12.952380952380953,7.0,6.0,7.0,7.0,6.0,7.0,7.0,2.0,4,2,7
979,16.476190476190474,6.0,7.0,6.0,7.0,7.0,7.0,6.0,2.5714285714285716,4,4,7
980,10.095238095238095,6.0,5.0,7.0,5.0,6.0,6.0,6.0,3.142857142857143,4,5,7
981,9.714285714285714,6.0,5.0,6.0,6.0,5.0,6.0,6.0,2.4285714285714284,4,1,7
982,18.952380952380953,7.0,7.0,7.0,7.0,7.0,7.0,7.0,2.2857142857142856,4,4,7
983,14.095238095238095,6.0,6.0,6.0,6.0,6.0,6.0,6.0,3.0,4,6,7
984,14.19047619047619,7.0,7.0,7.0,7.0,7.0,7.0,7.0,2.5714285714285716,4,3,7
985,16.285714285714285,7.0,6.0,7.0,7.0,6.0,7.0,7.0,2.142857142857143,4,5,7
986,13.619047619047619,7.0,7.0,7.0,7.0,7.0,7.0,7.0,2.5714285714285716,4,6,7
987,14.666666666666666,7.0,6.0,7.0,7.0,6.0,7.0,7.0,2.4285714285714284,4,4,7
988,15.428571428571429,7.0,6.0,7.0,6.0,7.0,6.0,7.0,2.5714285714285716,4,6,7
989,13.047619047619047,7.0,6.0,7.0,7.0,6.0,7.0,7.0,2.4285714285714284,4,4,7
990,16.666666666666668,6.0,7.0,6.0,7.0,7.0,7.0,6.0,2.2857142857142856,4,3,7
991,12.571428571428571,6.0,6.0,7.0,6.0,6.0,7.0,6.0,1.5714285714285714,4,3,7
992,13.142857142857142,7.0,6.0,7.0,7.0,6.0,7.0,7.0,2.4285714285714284,4,2,7
993,13.047619047619047,6.0,6.0,7.0,6.0,6.0,7.0,6.0,1.8571428571428572,4,5,7
994,11.619047619047619,7.0,5.0,6.0,7.0,5.0,6.0,7.0,2.857142857142857,4,3,7
995,8.761904761904763,6.0,5.0,7.0,5.0,6.0,6.0,6.0,2.2857142857142856,4,4,7
996,18.571428571428573,7.0,7.0,7.0,7.0,7.0,7.0,7.0,2.4285714285714284,4,4,7
997,17.047619047619047,7.0,7.0,7.0,7.0,7.0,7.0,7.0,2.2857142857142856,4,4,7
998,15.80952380952381,7.0,7.0,7.0,7.0,7.0,7.0,7.0,2.142857142857143,4,2,7
999,19.047619047619047,7.0,7.0,7.0,7.0,7.0,7.0,7.0,2.2857142857142856,4,6,7
